<html>
<head>
<title>Re: adegenet: monmonier bug</title>
<link rel="important stylesheet" href="chrome://messenger/skin/messageBody.css">
</head>
<body>
<table border=0 cellspacing=0 cellpadding=0 width="100%" class="header-part1"><tr><td><b>Subject: </b>Re: adegenet: monmonier bug</td></tr><tr><td><b>From: </b>Yi-Hsin Erica Tsai <erica.tsai@duke.edu></td></tr><tr><td><b>Date: </b>Fri, 10 Oct 2008 11:31:00 -0400</td></tr></table><table border=0 cellspacing=0 cellpadding=0 width="100%" class="header-part2"><tr><td><b>To: </b>Thibaut Jombart <jombart@biomserv.univ-lyon1.fr></td></tr></table><br>
<div class="moz-text-flowed">Hi Thibaut,
<br>
<br>Thanks for taking the time to look into this for me.&nbsp; Good luck on 
finishing your dissertation.&nbsp; I too am trying to finish, so I completely 
understand your stress and need to prioritize.
<br>
<br>I've attached 4 example input files (for two sets of analyses) and my R 
program.&nbsp; I should explain that my program is designed to take 
geographic coordinates and genetic distance matrices from a companion 
C++ program that has generated many bootstrapped replicates of the 
original data (within orig_coord.input and orig_dist.input).&nbsp; I've 
commented out the loop and just provided you with one of the 
bootstrapped datasets to give you an example.&nbsp; For most of the datasets, 
there is no problem, but for a few I get the checkNext error.&nbsp; And this 
occurs with both the optimize.monmonier() and monmonier() function. 
Occasionally I get different error generation with the two functions, so 
I included both in the code for you.&nbsp; I hope that this is not too 
painful to debug.
<br>
<br>Let me know if you need any other information.
<br>
<br>Best wishes,
<br>--Erica
<br>
<br>Thibaut Jombart wrote:
<br><blockquote type=cite>Yi-Hsin Erica Tsai wrote:
<br><blockquote type=cite>Hi,
<br>
<br>I have been using your adegenet R package to compute some Monmonier 
boundaries.&nbsp; For the most part, the package behaves excellently and 
does what I need it to do.&nbsp; However, in many of my runs I encounter 
these same errors:
<br>
<br>&gt; orig_mon &lt;- optimize.monmonier(coords, Da, cn, threshold=0)
<br>Boundaries computed (required: 10)
<br>1&nbsp; Error in 
checkNext(result[[run]]$dir1[[length(result[[run]]$dir1)]]$M,&nbsp; :
<br>&nbsp; CheckAllSeg failure (returned value=10, i.e. unchanged, not 
computed). Please report the bug.
<br>
<br>or
<br>
<br>&gt; mon &lt;- monmonier(coords, Da, cn, threshold=0, nrun=1, 
skip.local.diff = rep(1, 1))
<br>Error in checkNext(result[[run]]$dir1[[length(result[[run]]$dir1)]]$M,&nbsp; :
<br>&nbsp; CheckAllSeg failure (returned value=10, i.e. unchanged, not 
computed). Please report the bug.
<br>
<br>Do you have any idea what is causing this?&nbsp; Or how can I fix this 
problem?&nbsp; I can send you my input data and code if that is helpful.
<br>
<br>Best,
<br>--Erica Tsai
<br>
<br></blockquote>Dear Erica,
<br>
<br>thanks very much for reporting the bug.This apparently comes from the C 
code used to check whether two segments intersect or not, meaning, it's 
going to be a pain de debug. ;-) I would indeed need a sample input data 
along with the code generating the bug. Can you also check that you are 
using the latest version of adegenet ? You can find it from:
<br><a class="moz-txt-link-freetext" href="https://r-forge.r-project.org/R/?group_id=120">https://r-forge.r-project.org/R/?group_id=120</a>
<br>this is the devel version, but it is as stable as the previous version.
<br>
<br>If the bug persists in the most recent version, I'll do my best to fix 
it ASAP. But I defend my PhD soon, meaning I might not have time for 
debuging. Anyhow, I will try to help, there might be other 
methodological approaches that you could use instead of monmonier (in 
the worst case).
<br>
<br>Best,
<br>
<br>Thibaut.
<br></blockquote><div class="moz-txt-sig"><span class="moz-txt-tag">--&nbsp;<br></span>Yi-Hsin Erica Tsai
<br>Ph.D. Candidate
<br>Department of Biology (Manos Lab)
<br>Duke University
<br>
<br><a class="moz-txt-link-freetext" href="http://www.duke.edu/~yet2/">http://www.duke.edu/~yet2/</a>
<br><a class="moz-txt-link-abbreviated" href="mailto:erica.tsai@duke.edu">erica.tsai@duke.edu</a>
<br></div></div><div class="moz-text-plain"><pre wrap><BR><HR WIDTH="90%" SIZE=4><BR>	X	Y
p0	-89.0311	34.3384
p1	-87.6552	34.5483
p2	-93.0393	39.6296
p3	-93.2925	34.496
p4	-84.8857	42.1998
p5	-85.3305	38.4027
p6	-89.9049	32.2554
p7	-92.3323	38.4949
p8	-92.8899	39.0059
p9	-67.1444	38.5308
p10	-75.6451	46.1659
p11	-88.6459	32.3621
p12	-66.5537	42.9626
p13	-67.5288	34.003
p14	-87.7968	44.4734
p15	-70.0515	37.0327
p16	-91.3187	32.1164
p17	-76.2884	32.7725
p18	-75.9968	41.1327
p19	-83.911	46.0539
p20	-83.3281	41.3248
p21	-81.3413	39.0665
p22	-72.7547	38.8173
p23	-93.5288	43.3597
p24	-93.0662	46.1723
p25	-85.877	41.6247
p26	-67.41	38.3368
p27	-72.036	45.5491
p28	-86.9218	42.3802
p29	-90.0102	38.2261
p30	-77.1043	46.5183
p31	-69.7878	41.7878
p32	-91.6317	38.6964
p33	-71.0223	42.2373
p34	-89.5206	33.6854
p35	-74.5634	39.284
p36	-70.2271	33.1359
p37	-92.134	40.4471
p38	-75.6307	32.0343
p39	-82.4898	41.6329
p40	-92.3884	41.8196
p41	-83.4605	30.933
p42	-88.942	33.3668
p43	-67.6255	37.5781
p44	-68.9248	32.1566
p45	-68.8237	38.7231
p46	-91.5607	42.9196
p47	-88.3155	33.4319
p48	-86.3621	31.1936
p49	-69.0623	37.5674
p50	-88.1345	40.0828
p51	-66.9727	31.7458
p52	-73.3938	31.3243
p53	-75.2069	37.0284
p54	-90.8219	32.122
p55	-91.5848	33.4218
p56	-72.1159	38.0412
p57	-89.0611	45.9546
p58	-76.5942	32.6935
p59	-82.9741	39.0116
p60	-88.1857	35.4594
p61	-93.2226	35.3815
p62	-92.0837	34.3679
p63	-81.1802	36.1173
p64	-86.9282	36.3393
p65	-72.5699	38.0313
p66	-67.7316	42.3928
p67	-79.4768	41.4973
p68	-72.5127	33.8267
p69	-91.8244	44.6666
p70	-86.2438	33.3093
p71	-92.5973	31.7469
p72	-76.6958	34.2998
p73	-93.281	34.6151
p74	-84.3974	37.3567
p75	-72.6725	39.4342
p76	-74.1053	43.218
p77	-70.5708	43.0517
p78	-93.4855	35.4858
p79	-90.6871	35.004
p80	-75.8569	44.7105
p81	-73.7178	40.1038
p82	-76.663	34.6691
p83	-86.3884	36.9428
p84	-81.7417	36.2492
p85	-86.3738	42.0353
p86	-79.8633	35.8202
</pre></div><div class="moz-text-plain"><pre wrap><BR><HR WIDTH="90%" SIZE=4><BR>0	0.109683	1.68119	0.0929361	2.50654	0.636777	0.045637	0.154435	0.366196	-2.02094	2.86979	0.223166	3.40499	-2.02094	3.09126	-2.02094	0.0847061	5.04491	3.00167	3.1204	1.88092	0.976524	2.8937	-2.02094	-2.02094	2.04884	-2.02094	3.21373	2.39219	0.726866	2.94784	3.1294	0.207308	3.00482	0.0437266	3.07831	-2.02094	0.723744	5.87268	2.29129	-2.02094	0.66492	0.0576757	-2.02094	-2.02094	3.08587	3.24003	0.211763	0.536239	2.82119	1.29455	-2.02094	-2.02094	0.71131	0.0639565	0.0836698	3.41914	3.08574	2.85719	1.17771	0.0452955	0.135896	0.177669	0.448872	0.0746829	2.9788	3.20726	2.92512	-2.02094	3.80885	0.085481	0.190716	1.40509	0.0965787	0.245544	2.92145	3.14552	3.15053	0.128488	0.0363341	2.94844	3.06705	1.34984	0.382228	0.283436	2.98616	1.24819	
0.109683	0	1.63927	0.179816	2.11137	0.347803	0.10952	0.0920035	0.476852	-2.6411	2.62073	0.0408065	3.14463	-2.6411	2.81399	-2.6411	0.110643	3.99097	2.72413	2.85075	1.53609	0.745549	2.60722	-2.6411	-2.6411	1.60138	-2.6411	2.94881	1.94239	0.345351	2.67948	2.85873	0.125041	2.72778	0.0649912	2.78579	-2.6411	1.07852	4.75142	2.0372	-2.6411	0.394263	0.091587	-2.6411	-2.6411	2.81422	2.96656	0.0394244	0.301277	2.52413	0.842953	-2.6411	-2.6411	0.399979	0.0427812	0.0795619	3.16099	2.81228	2.03724	0.901616	0.0597133	0.170681	0.151351	0.288758	0.0396267	2.69912	2.92573	2.64483	-2.6411	3.49908	0.0226276	0.0499048	0.849119	0.181925	0.120121	2.63785	2.87705	2.88152	0.114022	0.109	2.68103	2.79411	0.84175	0.145976	0.15457	2.45795	0.890368	
1.68119	1.63927	0	1.5085	5.67116	2.16298	1.3298	1.2275	0.591716	0	6.1042	1.41916	6.7037	0	6.35316	0	1.40892	7.78926	6.26297	6.39889	4.3942	2.85077	6.13556	0	0	4.61925	0	6.5025	5.37262	2.07149	6.19951	6.40565	1.0325	6.26722	2.04108	6.35652	0	4	9	5.00467	0	3.29412	1.72545	0	0	6.36	6.5102	1.87679	3.14478	6.04	3.51598	0	0	2.61724	1.89857	1.22378	6.72266	6.35592	4.55325	3.19709	1.85599	1.32781	0.982041	2.03307	1.79849	6.23546	6.45988	6.17663	0	7	1.87568	1.41396	2.94122	1.75227	1.62371	6.16955	6.42656	6.4304	1.49745	1.5935	6.20042	6.33837	3.28731	1.92374	1.82097	6.29106	3.59747	
0.0929361	0.179816	1.5085	0	3.01929	0.809004	0.0417007	0.105051	0.250403	-1.7534	3.48889	0.253164	4.06935	-1.7534	3.71881	-1.7534	0.0224868	5.11594	3.62862	3.76454	2.32985	1.28806	3.5012	-1.7534	-1.7534	2.47199	-1.7534	3.86815	2.86097	0.868046	3.5715	3.7713	0.150527	3.63286	0.145108	3.7105	-1.7534	0.69898	5.93707	2.8326	-1.7534	0.680305	0.240662	-1.7534	-1.7534	3.72565	3.87585	0.230267	0.737356	3.40565	1.52924	-1.7534	-1.7534	0.864481	0.160136	0.0792234	4.0883	3.72156	2.87128	1.5184	0.166007	0.0522959	0.25517	0.62196	0.160407	3.6011	3.82552	3.54228	-1.7534	4.36565	0.164148	0.156525	1.48238	0.0283447	0.351789	3.5352	3.79221	3.79605	0.0603741	0.0498788	3.57278	3.70402	1.46492	0.518508	0.396388	3.49383	1.52514	
2.50654	2.11137	5.67116	3.01929	0	0.965521	2.80227	2.62739	3.97287	-1.30585	0.172291	2.29387	0.3672	-1.30585	0.255277	-1.30585	2.77429	3.28278	0.169011	0.193463	0.0943242	0.527201	0.167634	-1.30585	-1.30585	0.0829563	-1.30585	0.230453	0.0263866	1.46716	0.163896	0.214744	2.7301	0.166171	2.10194	0.153879	-1.30585	3.71714	3.84357	0.164917	-1.30585	1.92629	2.09565	-1.30585	-1.30585	0.182883	0.358703	2.1505	1.4544	0.221504	0.538152	-1.30585	-1.30585	0.969354	2.01177	2.64152	0.355022	0.204417	2.44546	0.376371	2.08662	2.88484	2.51297	1.1263	2.03636	0.171589	0.422223	0.134646	-1.30585	1.36081	2.20201	2.37832	1.45902	2.82135	1.56307	0.161196	0.204618	0.21607	2.60457	2.66105	0.162581	0.179448	1.21842	1.47902	1.43823	0.0755979	0.483614	
0.636777	0.347803	2.16298	0.809004	0.965521	0	0.662606	0.491418	1.15873	-2.52861	1.43104	0.396059	1.83865	-2.52861	1.57766	-2.52861	0.646521	3.09413	1.48894	1.58303	0.558492	0.174347	1.40882	-2.52861	-2.52861	0.568067	-2.52861	1.66163	0.814536	0.137028	1.46072	1.59524	0.503895	1.49052	0.488941	1.51702	-2.52861	2.01345	3.81719	0.972548	-2.52861	0.668023	0.448919	-2.52861	-2.52861	1.55476	1.71458	0.421705	0.485037	1.36934	0.193698	-2.52861	-2.52861	0.10682	0.399606	0.548981	1.84592	1.56029	1.47828	0.214727	0.416498	0.679041	0.469457	0.100784	0.349769	1.47272	1.70697	1.42088	-2.52861	2.39663	0.474798	0.422185	0.423834	0.757263	0.126701	1.42764	1.6045	1.6112	0.553624	0.660246	1.46158	1.53996	0.416506	0.0960731	0.131394	1.18323	0.285433	
0.045637	0.10952	1.3298	0.0417007	2.80227	0.662606	0	0.0758673	0.207226	-1.92735	3.23018	0.167404	3.78906	-1.92735	3.45372	-1.92735	0.0344067	5.05152	3.36378	3.4926	2.10142	1.09905	3.2444	-1.92735	-1.92735	2.25369	-1.92735	3.59196	2.64967	0.697301	3.30898	3.50029	0.103724	3.36758	0.107193	3.44317	-1.92735	0.872653	5.90122	2.5762	-1.92735	0.729796	0.116817	-1.92735	-1.92735	3.45551	3.60735	0.204364	0.684839	3.15837	1.39127	-1.92735	-1.92735	0.75939	0.11449	0.0222846	3.80602	3.45306	2.77975	1.32073	0.102339	0.0627041	0.115918	0.496197	0.104681	3.33819	3.56428	3.28282	-1.92735	4.1298	0.116475	0.131651	1.36898	0.0711791	0.250557	3.27582	3.51922	3.52354	0.070102	0.0155728	3.31004	3.43504	1.36656	0.393118	0.304955	3.278	1.38123	
0.154435	0.0920035	1.2275	0.105051	2.62739	0.491418	0.0758673	0	0.242293	-1.9225	3.1717	0.127676	3.7312	-1.9225	3.38066	-1.9225	0.0507048	4.32585	3.29047	3.42639	1.9437	0.988362	3.16306	-1.9225	-1.9225	2.01904	-1.9225	3.53	2.42704	0.480953	3.24034	3.43315	0.01	3.29472	0.173399	3.35953	-1.9225	1.1275	5.1275	2.49734	-1.9225	0.603971	0.205064	-1.9225	-1.9225	3.3875	3.5377	0.159846	0.648838	3.0675	1.11886	-1.9225	-1.9225	0.563658	0.144643	0.0596145	3.75016	3.38342	2.20383	1.18407	0.14092	0.0660204	0.132398	0.407879	0.10077	3.26296	3.48738	3.20413	-1.9225	4.0275	0.150304	0.0601056	0.985867	0.120244	0.178987	3.19705	3.45406	3.4579	0.049949	0.115593	3.24203	3.36587	1.02507	0.265998	0.22692	3.01061	1.17559	
0.366196	0.476852	0.591716	0.250403	3.97287	1.15873	0.207226	0.242293	0	-0.946746	4.38822	0.462681	4.98773	-0.946746	4.63719	-0.946746	0.242393	6.28307	4.54699	4.68292	3.02438	1.72054	4.41958	-0.946746	-0.946746	3.23691	-0.946746	4.78652	3.77498	1.18779	4.48353	4.68968	0.201139	4.55124	0.575335	4.64054	-0.946746	1.51479	7.28402	3.54799	-0.946746	1.48764	0.50785	-0.946746	-0.946746	4.64402	4.79423	0.622352	1.47688	4.32402	2.20237	-0.946746	-0.946746	1.37943	0.556221	0.222091	5.00668	4.63994	3.54734	2.01825	0.513209	0.243698	0.255075	0.94571	0.503916	4.51948	4.7439	4.46065	-0.946746	5.28402	0.539895	0.388989	1.9725	0.365962	0.591493	4.45357	4.71059	4.71443	0.330923	0.314113	4.48444	4.6224	2.08416	0.8572	0.701813	4.55761	2.20438	
-2.02094	-2.6411	0	-1.7534	-1.30585	-2.52861	-1.92735	-1.9225	-0.946746	0	-0.406914	-2.82134	-0.518519	0	-0.46079	0	-1.95616	-0.665289	-0.374711	-0.232687	-1.6258	-2.21345	-0.264444	0	0	-1.86268	0	-0.301423	-1.66584	-2.97769	-0.378272	-0.4405	-1.9175	-0.30854	-2.30832	-0.418992	0	0	0	-1.15263	0	-2.66667	-2.35906	0	0	-0.24	-0.489796	-2.76765	-3.05835	-0.16	-2.49941	0	0	-2.32871	-2.45857	-2.2405	-0.339844	-0.386939	-2.06213	-2.19946	-2.33212	-1.92219	-2.30367	-2.33252	-2.36673	-0.34349	-0.595679	-0.464674	0	0	-2.5726	-2.48434	-2.74449	-1.70011	-2.39216	-0.242215	-0.298438	-0.380918	-2.00255	-1.97407	-0.317232	-0.3138	-2.66141	-2.83855	-2.34282	-1.3453	-2.43957	
2.86979	2.62073	6.1042	3.48889	0.172291	1.43104	3.23018	3.1717	4.38822	-0.406914	0	2.82294	0.141235	-0.406914	0.110075	-0.406914	3.24645	4.70557	0.0238503	0.0118614	0.249064	0.721329	0.0664198	-0.406914	-0.406914	0.376458	-0.406914	0.0263044	0.307583	2.16475	0.011358	0.0380568	3.2767	0.0199	2.52279	0.0153642	-0.406914	4.1042	5.37086	0.0871458	-0.406914	2.66367	2.45125	-0.406914	-0.406914	0.0108642	0.195354	2.70543	1.98751	0.170864	1.13197	-0.406914	-0.406914	1.49981	2.4561	3.07719	0.11852	0.0410683	3.63181	0.588641	2.54105	3.38915	2.90148	1.44336	2.53805	0.0379002	0.297407	0.0083642	-0.406914	1.37086	2.67643	2.91703	2.29114	3.31043	1.97447	0.0462967	0.0174267	0.0314552	3.13974	3.08328	0.00761929	0.0122981	1.97612	2.06947	1.83551	0.392231	0.888499	
0.223166	0.0408065	1.41916	0.253164	2.29387	0.396059	0.167404	0.127676	0.462681	-2.82134	2.82294	0	3.34931	-2.82134	3.01225	-2.82134	0.161416	4.01164	2.92227	3.0519	1.66222	0.827128	2.80198	-2.82134	-2.82134	1.71997	-2.82134	3.15174	2.10337	0.35805	2.87887	3.05948	0.133942	2.92612	0.18039	2.98467	-2.82134	1.39385	4.79891	2.18973	-2.82134	0.488412	0.189008	-2.82134	-2.82134	3.01461	3.16626	0.0498215	0.379604	2.71486	0.937866	-2.82134	-2.82134	0.468835	0.13401	0.0977368	3.3665	3.01197	1.99481	0.995124	0.186801	0.227078	0.153103	0.350557	0.149737	2.89646	3.12236	2.84401	-2.82134	3.68499	0.0805238	0.0397331	0.843571	0.293794	0.179501	2.83369	3.07864	3.08291	0.182435	0.187141	2.88064	2.99401	0.878497	0.208439	0.223113	2.63514	0.992567	
3.40499	3.14463	6.7037	4.06935	0.3672	1.83865	3.78906	3.7312	4.98773	-0.518519	0.141235	3.34931	0	-0.518519	0.261002	-0.518519	3.80927	5.03841	0.177624	0.12014	0.497904	1.01421	0.268889	-0.518519	-0.518519	0.608092	-0.518519	0.0733051	0.520765	2.63311	0.162469	0.0495288	3.8362	0.142639	3.04197	0.139587	-0.518519	4.7037	5.7037	0.230223	-0.518519	3.17429	2.95185	-0.518519	-0.518519	0.13037	0.325019	3.23481	2.45785	0.432593	1.51199	-0.518519	-0.518519	1.90953	2.97053	3.62061	0.162471	0.170733	4.02619	0.854813	3.06135	3.96008	3.4159	1.80487	3.06065	0.202319	0.200617	0.141204	-0.518519	1.7037	3.20646	3.45477	2.67985	3.88454	2.4156	0.232731	0.119155	0.0607307	3.70115	3.63354	0.156407	0.140307	2.33859	2.54548	2.24881	0.605879	1.1544	
-2.02094	-2.6411	0	-1.7534	-1.30585	-2.52861	-1.92735	-1.9225	-0.946746	0	-0.406914	-2.82134	-0.518519	0	-0.46079	0	-1.95616	-0.665289	-0.374711	-0.232687	-1.6258	-2.21345	-0.264444	0	0	-1.86268	0	-0.301423	-1.66584	-2.97769	-0.378272	-0.4405	-1.9175	-0.30854	-2.30832	-0.418992	0	0	0	-1.15263	0	-2.66667	-2.35906	0	0	-0.24	-0.489796	-2.76765	-3.05835	-0.16	-2.49941	0	0	-2.32871	-2.45857	-2.2405	-0.339844	-0.386939	-2.06213	-2.19946	-2.33212	-1.92219	-2.30367	-2.33252	-2.36673	-0.34349	-0.595679	-0.464674	0	0	-2.5726	-2.48434	-2.74449	-1.70011	-2.39216	-0.242215	-0.298438	-0.380918	-2.00255	-1.97407	-0.317232	-0.3138	-2.66141	-2.83855	-2.34282	-1.3453	-2.43957	
3.09126	2.81399	6.35316	3.71881	0.255277	1.57766	3.45372	3.38066	4.63719	-0.46079	0.110075	3.01225	0.261002	-0.46079	0	-0.46079	3.47563	4.68787	0.097091	0.105789	0.338992	0.873659	0.113526	-0.46079	-0.46079	0.46919	-0.46079	0.133365	0.372173	2.30875	0.0958225	0.129122	3.48566	0.0932497	2.72991	0.104082	-0.46079	4.35316	5.35316	0.208632	-0.46079	2.82375	2.65379	-0.46079	-0.46079	0.0992104	0.0195141	2.8961	2.14474	0.188513	1.23515	-0.46079	-0.46079	1.61654	2.65041	3.30175	0.244425	0.0207101	3.67565	0.738302	2.74243	3.60954	3.11859	1.62604	2.73325	0.103921	0.35826	0.103101	-0.46079	0.748513	2.87733	3.12227	2.40535	3.534	2.17067	0.101373	0.11461	0.127138	3.35061	3.29739	0.0939348	0.0983464	2.09724	2.23421	2.02217	0.387885	1.02729	
-2.02094	-2.6411	0	-1.7534	-1.30585	-2.52861	-1.92735	-1.9225	-0.946746	0	-0.406914	-2.82134	-0.518519	0	-0.46079	0	-1.95616	-0.665289	-0.374711	-0.232687	-1.6258	-2.21345	-0.264444	0	0	-1.86268	0	-0.301423	-1.66584	-2.97769	-0.378272	-0.4405	-1.9175	-0.30854	-2.30832	-0.418992	0	0	0	-1.15263	0	-2.66667	-2.35906	0	0	-0.24	-0.489796	-2.76765	-3.05835	-0.16	-2.49941	0	0	-2.32871	-2.45857	-2.2405	-0.339844	-0.386939	-2.06213	-2.19946	-2.33212	-1.92219	-2.30367	-2.33252	-2.36673	-0.34349	-0.595679	-0.464674	0	0	-2.5726	-2.48434	-2.74449	-1.70011	-2.39216	-0.242215	-0.298438	-0.380918	-2.00255	-1.97407	-0.317232	-0.3138	-2.66141	-2.83855	-2.34282	-1.3453	-2.43957	
0.0847061	0.110643	1.40892	0.0224868	2.77429	0.646521	0.0344067	0.0507048	0.242393	-1.95616	3.24645	0.161416	3.80927	-1.95616	3.47563	-1.95616	0	4.83454	3.38571	3.51374	2.09899	1.10431	3.26723	-1.95616	-1.95616	2.21941	-1.95616	3.61263	2.60653	0.697163	3.32906	3.52153	0.0842763	3.38946	0.116666	3.45834	-1.95616	0.837491	5.64701	2.59836	-1.95616	0.610911	0.19585	-1.95616	-1.95616	3.47686	3.62887	0.156609	0.632068	3.18225	1.32538	-1.95616	-1.95616	0.721139	0.115654	0.0367063	3.82602	3.47459	2.63128	1.31646	0.130857	0.0428477	0.180529	0.491995	0.115895	3.36033	3.58661	3.29569	-1.95616	4.15495	0.115102	0.0781941	1.27713	0.047808	0.249055	3.29836	3.54024	3.54462	0.0446901	0.0526111	3.32997	3.45652	1.27254	0.394854	0.295573	3.22019	1.33404	
5.04491	3.99097	7.78926	5.11594	3.28278	3.09413	5.05152	4.32585	6.28307	-0.665289	4.70557	4.01164	5.03841	-0.665289	4.68787	-0.665289	4.83454	0	4.59768	4.7336	3.40709	3.57414	4.47027	-0.665289	-0.665289	2.76776	-0.665289	4.83721	2.93343	2.67147	4.62311	4.74036	4.40357	4.60193	4.36703	4.54281	-0.665289	6.33471	0.0619835	4.23826	-0.665289	2.60566	4.6133	-0.665289	-0.665289	4.69471	4.84491	3.78322	3.14994	4.37471	2.2339	-0.665289	-0.665289	2.38684	4.14497	4.83122	5.05737	4.69063	0.440413	3.40954	4.32752	4.79239	4.85961	3.53298	4.06521	4.57017	4.79459	4.48367	-0.665289	5.33471	4.21875	4.08149	1.41619	4.83157	3.89637	4.50426	4.76127	4.76511	4.36463	4.93067	4.62924	4.67309	1.3796	3.20182	3.59142	2.81586	2.28684	
3.00167	2.72413	6.26297	3.62862	0.169011	1.48894	3.36378	3.29047	4.54699	-0.374711	0.0238503	2.92227	0.177624	-0.374711	0.097091	-0.374711	3.38571	4.59768	0	0.0211297	0.251953	0.786922	0.0255787	-0.374711	-0.374711	0.38248	-0.374711	0.0476514	0.308942	2.21899	0.00772573	0.0443209	3.39547	0.00757012	2.64035	0.011384	-0.374711	4.26297	5.26297	0.123853	-0.374711	2.73356	2.56446	-0.374711	-0.374711	0.0142743	0.193464	2.8061	2.05516	0.100071	1.14617	-0.374711	-0.374711	1.52729	2.56071	3.21208	0.154104	0.0391782	3.58546	0.651961	2.65276	3.51935	3.02928	1.53867	2.64344	0.0148267	0.271961	0.0180503	-0.374711	1.26297	2.78749	3.03237	2.31641	3.44381	2.08222	0.0147878	0.0225035	0.0425656	3.26042	3.20743	0.00780122	0.00861164	2.00885	2.14466	1.93402	0.355747	0.940776	
3.1204	2.85075	6.39889	3.76454	0.193463	1.58303	3.4926	3.42639	4.68292	-0.232687	0.0118614	3.0519	0.12014	-0.232687	0.105789	-0.232687	3.51374	4.7336	0.0211297	0	0.298355	0.824747	0.0712896	-0.232687	-0.232687	0.419535	-0.232687	0.00975014	0.33966	2.34268	0.0136028	0.0272182	3.53139	0.0153919	2.7583	0.00782684	-0.232687	4.39889	5.39889	0.106106	-0.232687	2.86948	2.67586	-0.232687	-0.232687	0.00099723	0.187292	2.9365	2.1736	0.18626	1.24766	-0.232687	-0.232687	1.63633	2.68243	3.3332	0.0952324	0.0330058	3.72138	0.678556	2.77391	3.65527	3.14033	1.59438	2.76855	0.0360111	0.297365	0.00801668	-0.232687	1.39889	2.91341	3.15987	2.41681	3.57973	2.1688	0.0483183	0.00440184	0.0189665	3.39634	3.33663	0.00983351	0.00500081	2.09376	2.26224	2.01206	0.404071	0.97232	
1.88092	1.53609	4.3942	2.32985	0.0943242	0.558492	2.10142	1.9437	3.02438	-1.6258	0.249064	1.66222	0.497904	-1.6258	0.338992	-1.6258	2.09899	3.40709	0.251953	0.298355	0	0.220016	0.225756	-1.6258	-1.6258	0.0515204	-1.6258	0.348464	0.0991244	1.02274	0.243928	0.316777	2.0037	0.250509	1.58058	0.262147	-1.6258	3.2942	4.0742	0.119096	-1.6258	1.63067	1.51205	-1.6258	-1.6258	0.2822	0.452976	1.61055	1.15398	0.2502	0.365253	-1.6258	-1.6258	0.626574	1.47706	1.94417	0.491856	0.29869	2.23822	0.137149	1.54247	2.18415	1.77824	0.683396	1.49477	0.248604	0.494077	0.2267	-1.6258	1.3542	1.64896	1.74748	1.14228	2.19218	1.03346	0.22728	0.312763	0.322715	1.96379	2.01202	0.243556	0.275183	0.974331	1.01352	0.946551	0.247082	0.319818	
0.976524	0.745549	2.85077	1.28806	0.527201	0.174347	1.09905	0.988362	1.72054	-2.21345	0.721329	0.827128	1.01421	-2.21345	0.873659	-2.21345	1.10431	3.57414	0.786922	0.824747	0.220016	0	0.770424	-2.21345	-2.21345	0.297917	-2.21345	0.869729	0.480973	0.54235	0.758329	0.844286	1.01722	0.784932	0.808508	0.796504	-2.21345	2.37371	4.32783	0.375388	-2.21345	1.0857	0.730247	-2.21345	-2.21345	0.81077	0.983517	0.838875	0.723613	0.806366	0.319887	-2.21345	-2.21345	0.275844	0.724964	0.974289	1.00577	0.829231	1.99894	0.0241303	0.768532	1.17202	0.845131	0.152852	0.731109	0.785889	1.03338	0.719463	-2.21345	1.92416	0.84972	0.871791	0.764472	1.2199	0.369775	0.768836	0.837883	0.848422	1.03236	1.0649	0.756312	0.805153	0.664075	0.454466	0.306826	0.81427	0.181392	
2.8937	2.60722	6.13556	3.5012	0.167634	1.40882	3.2444	3.16306	4.41958	-0.264444	0.0664198	2.80198	0.268889	-0.264444	0.113526	-0.264444	3.26723	4.47027	0.0255787	0.0712896	0.225756	0.770424	0	-0.264444	-0.264444	0.366852	-0.264444	0.120408	0.30048	2.1054	0.0328395	0.0899277	3.26806	0.0249954	2.53326	0.0580601	-0.264444	4.13556	5.13556	0.170189	-0.264444	2.60614	2.46476	-0.264444	-0.264444	0.0555556	0.226712	2.68494	1.94752	0.0288889	1.05769	-0.264444	-0.264444	1.43027	2.44937	3.1014	0.245712	0.0724263	3.45804	0.64816	2.54205	3.39193	2.92998	1.50196	2.52825	0.0166267	0.269506	0.0556643	-0.264444	1.13556	2.67139	2.91449	2.22916	3.31639	2.01059	0.00314494	0.0846181	0.0955176	3.133	3.08761	0.0332257	0.0478429	1.93911	2.03799	1.87204	0.327377	0.931379	
-2.02094	-2.6411	0	-1.7534	-1.30585	-2.52861	-1.92735	-1.9225	-0.946746	0	-0.406914	-2.82134	-0.518519	0	-0.46079	0	-1.95616	-0.665289	-0.374711	-0.232687	-1.6258	-2.21345	-0.264444	0	0	-1.86268	0	-0.301423	-1.66584	-2.97769	-0.378272	-0.4405	-1.9175	-0.30854	-2.30832	-0.418992	0	0	0	-1.15263	0	-2.66667	-2.35906	0	0	-0.24	-0.489796	-2.76765	-3.05835	-0.16	-2.49941	0	0	-2.32871	-2.45857	-2.2405	-0.339844	-0.386939	-2.06213	-2.19946	-2.33212	-1.92219	-2.30367	-2.33252	-2.36673	-0.34349	-0.595679	-0.464674	0	0	-2.5726	-2.48434	-2.74449	-1.70011	-2.39216	-0.242215	-0.298438	-0.380918	-2.00255	-1.97407	-0.317232	-0.3138	-2.66141	-2.83855	-2.34282	-1.3453	-2.43957	
-2.02094	-2.6411	0	-1.7534	-1.30585	-2.52861	-1.92735	-1.9225	-0.946746	0	-0.406914	-2.82134	-0.518519	0	-0.46079	0	-1.95616	-0.665289	-0.374711	-0.232687	-1.6258	-2.21345	-0.264444	0	0	-1.86268	0	-0.301423	-1.66584	-2.97769	-0.378272	-0.4405	-1.9175	-0.30854	-2.30832	-0.418992	0	0	0	-1.15263	0	-2.66667	-2.35906	0	0	-0.24	-0.489796	-2.76765	-3.05835	-0.16	-2.49941	0	0	-2.32871	-2.45857	-2.2405	-0.339844	-0.386939	-2.06213	-2.19946	-2.33212	-1.92219	-2.30367	-2.33252	-2.36673	-0.34349	-0.595679	-0.464674	0	0	-2.5726	-2.48434	-2.74449	-1.70011	-2.39216	-0.242215	-0.298438	-0.380918	-2.00255	-1.97407	-0.317232	-0.3138	-2.66141	-2.83855	-2.34282	-1.3453	-2.43957	
2.04884	1.60138	4.61925	2.47199	0.0829563	0.568067	2.25369	2.01904	3.23691	-1.86268	0.376458	1.71997	0.608092	-1.86268	0.46919	-1.86268	2.21941	2.76776	0.38248	0.419535	0.0515204	0.297917	0.366852	-1.86268	-1.86268	0	-1.86268	0.464058	0.0394397	0.934858	0.373774	0.439175	2.08066	0.380442	1.6898	0.367455	-1.86268	3.48672	3.35419	0.230661	-1.86268	1.52877	1.65473	-1.86268	-1.86268	0.405754	0.578678	1.64517	1.13658	0.403826	0.258672	-1.86268	-1.86268	0.589141	1.57152	2.07338	0.599434	0.424392	1.80457	0.181312	1.64571	2.29645	1.91592	0.747924	1.5708	0.381655	0.629325	0.333595	-1.86268	1.52286	1.73589	1.80246	0.912624	2.31185	1.10794	0.364985	0.432558	0.443149	2.04355	2.16325	0.372888	0.400262	0.758583	1.00221	1.00877	0.151824	0.244682	
-2.02094	-2.6411	0	-1.7534	-1.30585	-2.52861	-1.92735	-1.9225	-0.946746	0	-0.406914	-2.82134	-0.518519	0	-0.46079	0	-1.95616	-0.665289	-0.374711	-0.232687	-1.6258	-2.21345	-0.264444	0	0	-1.86268	0	-0.301423	-1.66584	-2.97769	-0.378272	-0.4405	-1.9175	-0.30854	-2.30832	-0.418992	0	0	0	-1.15263	0	-2.66667	-2.35906	0	0	-0.24	-0.489796	-2.76765	-3.05835	-0.16	-2.49941	0	0	-2.32871	-2.45857	-2.2405	-0.339844	-0.386939	-2.06213	-2.19946	-2.33212	-1.92219	-2.30367	-2.33252	-2.36673	-0.34349	-0.595679	-0.464674	0	0	-2.5726	-2.48434	-2.74449	-1.70011	-2.39216	-0.242215	-0.298438	-0.380918	-2.00255	-1.97407	-0.317232	-0.3138	-2.66141	-2.83855	-2.34282	-1.3453	-2.43957	
3.21373	2.94881	6.5025	3.86815	0.230453	1.66163	3.59196	3.53	4.78652	-0.301423	0.0263044	3.15174	0.0733051	-0.301423	0.133365	-0.301423	3.61263	4.83721	0.0476514	0.00975014	0.348464	0.869729	0.120408	-0.301423	-0.301423	0.464058	-0.301423	0	0.380395	2.43898	0.0370815	0.0222809	3.635	0.0376905	2.85116	0.0234829	-0.301423	4.5025	5.5025	0.117877	-0.301423	2.97309	2.76482	-0.301423	-0.301423	0.0154402	0.20598	3.03681	2.26676	0.260146	1.33069	-0.301423	-0.301423	1.72387	2.77754	3.42796	0.0780965	0.0516947	3.82498	0.716827	2.86869	3.75888	3.22908	1.65005	2.86569	0.0692255	0.302245	0.024398	-0.301423	1.5025	3.01104	3.25843	2.49919	3.68334	2.24292	0.0907343	0.0114145	0.017622	3.49995	3.43622	0.0330181	0.020754	2.16688	2.35488	2.08108	0.455328	1.01355	
2.39219	1.94239	5.37262	2.86097	0.0263866	0.814536	2.64967	2.42704	3.77498	-1.66584	0.307583	2.10337	0.520765	-1.66584	0.372173	-1.66584	2.60653	2.93343	0.308942	0.33966	0.0991244	0.480973	0.30048	-1.66584	-1.66584	0.0394397	-1.66584	0.380395	0	1.22468	0.302037	0.360125	2.51666	0.306501	1.98336	0.286435	-1.66584	3.68031	3.47518	0.249947	-1.66584	1.74718	1.98214	-1.66584	-1.66584	0.327488	0.468901	1.97362	1.32809	0.34595	0.378928	-1.66584	-1.66584	0.835316	1.87998	2.4746	0.510337	0.334396	2.1093	0.326998	1.94859	2.70317	2.34257	1.02824	1.88036	0.309828	0.558989	0.261064	-1.66584	1.39826	2.05658	2.18336	1.20468	2.66823	1.41757	0.296315	0.351743	0.362767	2.42135	2.52745	0.300935	0.323031	1.00773	1.28186	1.31384	0.054415	0.398703	
0.726866	0.345351	2.07149	0.868046	1.46716	0.137028	0.697301	0.480953	1.18779	-2.97769	2.16475	0.35805	2.63311	-2.97769	2.30875	-2.97769	0.697163	2.67147	2.21899	2.34268	1.02274	0.54235	2.1054	-2.97769	-2.97769	0.934858	-2.97769	2.43898	1.22468	0	2.19085	2.35104	0.477757	2.22246	0.561312	2.24533	-2.97769	2.23542	3.33378	1.62175	-2.97769	0.626935	0.50301	-2.97769	-2.97769	2.3069	2.45991	0.419679	0.509807	2.02624	0.301208	-2.97769	-2.97769	0.220847	0.45343	0.570833	2.64865	2.30562	1.13672	0.588245	0.462783	0.7014	0.474136	0.33935	0.377173	2.19478	2.42207	2.1355	-2.97769	3.00591	0.500772	0.424597	0.306387	0.816728	0.268705	2.13496	2.36854	2.37322	0.565422	0.716381	2.19321	2.28727	0.371828	0.0685972	0.304555	1.59057	0.533558	
2.94784	2.67948	6.19951	3.5715	0.163896	1.46072	3.30898	3.24034	4.48353	-0.378272	0.011358	2.87887	0.162469	-0.378272	0.0958225	-0.378272	3.32906	4.62311	0.00772573	0.0136028	0.243928	0.758329	0.0328395	-0.378272	-0.378272	0.373774	-0.378272	0.0370815	0.302037	2.19085	0	0.037639	3.34534	0.00611774	2.59132	0.0127136	-0.378272	4.19951	5.2884	0.107049	-0.378272	2.69972	2.51713	-0.378272	-0.378272	0.00839506	0.189075	2.76222	2.02275	0.115062	1.13223	-0.378272	-0.378272	1.50864	2.51586	3.15715	0.144385	0.0347896	3.59037	0.624562	2.60556	3.46541	2.9771	1.49948	2.59819	0.018589	0.274198	0.00995303	-0.378272	1.2884	2.74032	2.98371	2.29883	3.38881	2.03768	0.0187295	0.0216242	0.0345206	3.20965	3.15577	0.00253578	0.00583538	1.98938	2.10977	1.89289	0.360772	0.916866	
3.1294	2.85873	6.40565	3.7713	0.214744	1.59524	3.50029	3.43315	4.68968	-0.4405	0.0380568	3.05948	0.0495288	-0.4405	0.129122	-0.4405	3.52153	4.74036	0.0443209	0.0272182	0.316777	0.844286	0.0899277	-0.4405	-0.4405	0.439175	-0.4405	0.0222809	0.360125	2.35104	0.037639	0	3.53815	0.0248532	2.7674	0.0337578	-0.4405	4.40565	5.40565	0.132884	-0.4405	2.87624	2.68582	-0.4405	-0.4405	0.0271926	0.212562	2.94398	2.18264	0.1995	1.25891	-0.4405	-0.4405	1.64659	2.69104	3.34189	0.12831	0.0582758	3.72814	0.699558	2.78259	3.66203	3.15033	1.61159	2.77672	0.0581153	0.167525	0.0337896	-0.4405	1.40565	2.92147	3.16773	2.4282	3.58649	2.18199	0.068417	0.0322167	0.00490019	3.4031	3.34427	0.0341237	0.0305391	2.10717	2.27139	2.02636	0.422243	0.992678	
0.207308	0.125041	1.0325	0.150527	2.7301	0.503895	0.103724	0.01	0.201139	-1.9175	3.2767	0.133942	3.8362	-1.9175	3.48566	-1.9175	0.0842763	4.40357	3.39547	3.53139	2.0037	1.01722	3.26806	-1.9175	-1.9175	2.08066	-1.9175	3.635	2.51666	0.477757	3.34534	3.53815	0	3.39972	0.245869	3.46453	-1.9175	1.3325	5.2325	2.56863	-1.9175	0.720735	0.245275	-1.9175	-1.9175	3.4925	3.6427	0.204846	0.747588	3.1725	1.17155	-1.9175	-1.9175	0.606496	0.201071	0.0717574	3.85516	3.48842	2.21652	1.21924	0.197405	0.0888776	0.108827	0.431159	0.150988	3.36796	3.59238	3.30913	-1.9175	4.1325	0.205878	0.0752751	0.993724	0.182387	0.195098	3.30205	3.55906	3.5629	0.0835204	0.163837	3.34703	3.47087	1.0634	0.286571	0.254334	3.11788	1.23861	
3.00482	2.72778	6.26722	3.63286	0.166171	1.49052	3.36758	3.29472	4.55124	-0.30854	0.0199	2.92612	0.142639	-0.30854	0.0932497	-0.30854	3.38946	4.60193	0.00757012	0.0153919	0.250509	0.784932	0.0249954	-0.30854	-0.30854	0.380442	-0.30854	0.0376905	0.306501	2.22246	0.00611774	0.0248532	3.39972	0	2.64346	0.0139646	-0.30854	4.26722	5.26722	0.118331	-0.30854	2.73781	2.56715	-0.30854	-0.30854	0.00903581	0.188677	2.81	2.0583	0.101157	1.14823	-0.30854	-0.30854	1.52983	2.56406	3.21539	0.152753	0.0343914	3.5897	0.649257	2.65607	3.5236	3.03194	1.53782	2.647	0.0146364	0.232145	0.013018	-0.30854	1.26722	2.7911	3.03608	2.3184	3.44806	2.08333	0.0125254	0.0240832	0.0263792	3.26467	3.21125	0.00417475	0.0083148	2.00985	2.14774	1.93458	0.354425	0.938387	
0.0437266	0.0649912	2.04108	0.145108	2.10194	0.488941	0.107193	0.173399	0.575335	-2.30832	2.52279	0.18039	3.04197	-2.30832	2.72991	-2.30832	0.116666	4.36703	2.64035	2.7583	1.58058	0.808508	2.53326	-2.30832	-2.30832	1.6898	-2.30832	2.85116	1.98336	0.561312	2.59132	2.7674	0.245869	2.64346	0	2.70593	-2.30832	0.691682	5.11337	2.00609	-2.30832	0.405361	0.062815	-2.30832	-2.30832	2.72397	2.87831	0.12028	0.309726	2.4618	0.982079	-2.30832	-2.30832	0.504623	0.0226118	0.124873	3.0559	2.72402	2.42288	0.970614	0.0270995	0.186442	0.251004	0.352422	0.039882	2.61769	2.84634	2.56187	-2.30832	3.45072	0.0353002	0.159554	1.11931	0.118075	0.195483	2.56074	2.78331	2.78837	0.133193	0.0705932	2.59217	2.70528	1.03738	0.268201	0.212904	2.49972	0.957901	
3.07831	2.78579	6.35652	3.7105	0.153879	1.51702	3.44317	3.35953	4.64054	-0.418992	0.0153642	2.98467	0.139587	-0.418992	0.104082	-0.418992	3.45834	4.54281	0.011384	0.00782684	0.262147	0.796504	0.0580601	-0.418992	-0.418992	0.367455	-0.418992	0.0234829	0.286435	2.24533	0.0127136	0.0337578	3.46453	0.0139646	2.70593	0	-0.418992	4.35652	5.19325	0.108266	-0.418992	2.77268	2.63213	-0.418992	-0.418992	0.00631404	0.190337	2.86505	2.09855	0.159783	1.15601	-0.418992	-0.418992	1.56284	2.62594	3.28195	0.11744	0.0360516	3.56597	0.647201	2.71686	3.5954	3.09424	1.55834	2.70478	0.0312877	0.290318	0.00786018	-0.418992	1.35652	2.85359	3.09251	2.30882	3.52181	2.11855	0.0386733	0.0060398	0.0275827	3.33064	3.28758	0.00951437	0.00811335	1.99652	2.1819	1.96602	0.338677	0.920982	
-2.02094	-2.6411	0	-1.7534	-1.30585	-2.52861	-1.92735	-1.9225	-0.946746	0	-0.406914	-2.82134	-0.518519	0	-0.46079	0	-1.95616	-0.665289	-0.374711	-0.232687	-1.6258	-2.21345	-0.264444	0	0	-1.86268	0	-0.301423	-1.66584	-2.97769	-0.378272	-0.4405	-1.9175	-0.30854	-2.30832	-0.418992	0	0	0	-1.15263	0	-2.66667	-2.35906	0	0	-0.24	-0.489796	-2.76765	-3.05835	-0.16	-2.49941	0	0	-2.32871	-2.45857	-2.2405	-0.339844	-0.386939	-2.06213	-2.19946	-2.33212	-1.92219	-2.30367	-2.33252	-2.36673	-0.34349	-0.595679	-0.464674	0	0	-2.5726	-2.48434	-2.74449	-1.70011	-2.39216	-0.242215	-0.298438	-0.380918	-2.00255	-1.97407	-0.317232	-0.3138	-2.66141	-2.83855	-2.34282	-1.3453	-2.43957	
0.723744	1.07852	4	0.69898	3.71714	2.01345	0.872653	1.1275	1.51479	0	4.1042	1.39385	4.7037	0	4.35316	0	0.837491	6.33471	4.26297	4.39889	3.2942	2.37371	4.13556	0	0	3.48672	0	4.5025	3.68031	2.23542	4.19951	4.40565	1.3325	4.26722	0.691682	4.35652	0	0	7	3.67883	0	1.05882	1.02123	0	0	4.36	4.5102	1.07679	1.26978	4.04	2.56213	0	0	1.86048	0.87	1.08092	4.72266	4.35592	4.39941	2.59364	0.826292	0.970663	1.55347	1.66748	0.89414	4.23546	4.45988	4.17663	0	5	0.864183	1.21057	2.88408	0.60941	1.40149	4.16955	4.42656	4.4304	0.92602	0.728634	4.20042	4.33837	2.62064	1.61227	1.3727	4.24561	2.43698	
5.87268	4.75142	9	5.93707	3.84357	3.81719	5.90122	5.1275	7.28402	0	5.37086	4.79891	5.7037	0	5.35316	0	5.64701	0.0619835	5.26297	5.39889	4.0742	4.32783	5.13556	0	0	3.35419	0	5.5025	3.47518	3.33378	5.2884	5.40565	5.2325	5.26722	5.11337	5.19325	0	7	0	4.94849	0	3.11765	5.42968	0	0	5.36	5.5102	4.49901	3.73853	5.04	2.7929	0	0	3.02264	4.89857	5.67616	5.72266	5.35592	0.784024	4.12812	5.09362	5.61352	5.75347	4.30188	4.81588	5.23546	5.45988	5.13315	0	6	4.96763	4.85464	1.94122	5.60941	4.6872	5.16955	5.42656	5.4304	5.14031	5.75566	5.29453	5.33837	1.87705	3.90735	4.35545	3.29106	2.86907	
2.29129	2.0372	5.00467	2.8326	0.164917	0.972548	2.5762	2.49734	3.54799	-1.15263	0.0871458	2.18973	0.230223	-1.15263	0.208632	-1.15263	2.59836	4.23826	0.123853	0.106106	0.119096	0.375388	0.170189	-1.15263	-1.15263	0.230661	-1.15263	0.117877	0.249947	1.62175	0.107049	0.132884	2.56863	0.118331	2.00609	0.108266	-1.15263	3.67883	4.94849	0	-1.15263	2.20317	1.90468	-1.15263	-1.15263	0.106244	0.291761	2.13564	1.60784	0.280626	0.827994	-1.15263	-1.15263	1.05525	1.92283	2.4216	0.20626	0.137476	3.01514	0.287577	1.99672	2.7137	2.22909	0.946884	1.98127	0.137822	0.39838	0.081155	-1.15263	1.48782	2.12211	2.28152	1.72631	2.69487	1.4231	0.148445	0.111009	0.125343	2.50132	2.46729	0.102905	0.109696	1.47838	1.54031	1.29	0.423927	0.539442	
-2.02094	-2.6411	0	-1.7534	-1.30585	-2.52861	-1.92735	-1.9225	-0.946746	0	-0.406914	-2.82134	-0.518519	0	-0.46079	0	-1.95616	-0.665289	-0.374711	-0.232687	-1.6258	-2.21345	-0.264444	0	0	-1.86268	0	-0.301423	-1.66584	-2.97769	-0.378272	-0.4405	-1.9175	-0.30854	-2.30832	-0.418992	0	0	0	-1.15263	0	-2.66667	-2.35906	0	0	-0.24	-0.489796	-2.76765	-3.05835	-0.16	-2.49941	0	0	-2.32871	-2.45857	-2.2405	-0.339844	-0.386939	-2.06213	-2.19946	-2.33212	-1.92219	-2.30367	-2.33252	-2.36673	-0.34349	-0.595679	-0.464674	0	0	-2.5726	-2.48434	-2.74449	-1.70011	-2.39216	-0.242215	-0.298438	-0.380918	-2.00255	-1.97407	-0.317232	-0.3138	-2.66141	-2.83855	-2.34282	-1.3453	-2.43957	
0.66492	0.394263	3.29412	0.680305	1.92629	0.668023	0.729796	0.603971	1.48764	-2.66667	2.66367	0.488412	3.17429	-2.66667	2.82375	-2.66667	0.610911	2.60566	2.73356	2.86948	1.63067	1.0857	2.60614	-2.66667	-2.66667	1.52877	-2.66667	2.97309	1.74718	0.626935	2.69972	2.87624	0.720735	2.73781	0.405361	2.77268	-2.66667	1.05882	3.11765	2.20317	-2.66667	0	0.668285	-2.66667	-2.66667	2.83059	2.98079	0.265897	0.188893	2.51059	0.753382	-2.66667	-2.66667	0.434939	0.400532	0.707908	3.19324	2.82651	1.35567	1.167	0.490046	0.710159	0.970836	0.66094	0.428667	2.70605	2.93046	2.63955	-2.66667	3.47059	0.353928	0.448857	0.673437	0.579532	0.599121	2.64014	2.89715	2.90099	0.540866	0.635894	2.70238	2.80896	0.552268	0.479513	0.526516	2.08162	0.777329	
0.0576757	0.091587	1.72545	0.240662	2.09565	0.448919	0.116817	0.205064	0.50785	-2.35906	2.45125	0.189008	2.95185	-2.35906	2.65379	-2.35906	0.19585	4.6133	2.56446	2.67586	1.51205	0.730247	2.46476	-2.35906	-2.35906	1.65473	-2.35906	2.76482	1.98214	0.50301	2.51713	2.68582	0.245275	2.56715	0.062815	2.63213	-2.35906	1.02123	5.42968	1.90468	-2.35906	0.668285	0	-2.35906	-2.35906	2.6432	2.79904	0.22196	0.448352	2.40207	1.01868	-2.35906	-2.35906	0.534544	0.0694956	0.122941	2.96395	2.64475	2.53764	0.898983	0.0419116	0.249434	0.133247	0.318264	0.0679684	2.54356	2.77375	2.49424	-2.35906	3.40151	0.0995904	0.227501	1.16004	0.238953	0.169638	2.48986	2.6999	2.70542	0.21284	0.108063	2.51775	2.62557	1.11316	0.243746	0.209124	2.52484	0.981763	
-2.02094	-2.6411	0	-1.7534	-1.30585	-2.52861	-1.92735	-1.9225	-0.946746	0	-0.406914	-2.82134	-0.518519	0	-0.46079	0	-1.95616	-0.665289	-0.374711	-0.232687	-1.6258	-2.21345	-0.264444	0	0	-1.86268	0	-0.301423	-1.66584	-2.97769	-0.378272	-0.4405	-1.9175	-0.30854	-2.30832	-0.418992	0	0	0	-1.15263	0	-2.66667	-2.35906	0	0	-0.24	-0.489796	-2.76765	-3.05835	-0.16	-2.49941	0	0	-2.32871	-2.45857	-2.2405	-0.339844	-0.386939	-2.06213	-2.19946	-2.33212	-1.92219	-2.30367	-2.33252	-2.36673	-0.34349	-0.595679	-0.464674	0	0	-2.5726	-2.48434	-2.74449	-1.70011	-2.39216	-0.242215	-0.298438	-0.380918	-2.00255	-1.97407	-0.317232	-0.3138	-2.66141	-2.83855	-2.34282	-1.3453	-2.43957	
-2.02094	-2.6411	0	-1.7534	-1.30585	-2.52861	-1.92735	-1.9225	-0.946746	0	-0.406914	-2.82134	-0.518519	0	-0.46079	0	-1.95616	-0.665289	-0.374711	-0.232687	-1.6258	-2.21345	-0.264444	0	0	-1.86268	0	-0.301423	-1.66584	-2.97769	-0.378272	-0.4405	-1.9175	-0.30854	-2.30832	-0.418992	0	0	0	-1.15263	0	-2.66667	-2.35906	0	0	-0.24	-0.489796	-2.76765	-3.05835	-0.16	-2.49941	0	0	-2.32871	-2.45857	-2.2405	-0.339844	-0.386939	-2.06213	-2.19946	-2.33212	-1.92219	-2.30367	-2.33252	-2.36673	-0.34349	-0.595679	-0.464674	0	0	-2.5726	-2.48434	-2.74449	-1.70011	-2.39216	-0.242215	-0.298438	-0.380918	-2.00255	-1.97407	-0.317232	-0.3138	-2.66141	-2.83855	-2.34282	-1.3453	-2.43957	
3.08587	2.81422	6.36	3.72565	0.182883	1.55476	3.45551	3.3875	4.64402	-0.24	0.0108642	3.01461	0.13037	-0.24	0.0992104	-0.24	3.47686	4.69471	0.0142743	0.00099723	0.2822	0.81077	0.0555556	-0.24	-0.24	0.405754	-0.24	0.0154402	0.327488	2.3069	0.00839506	0.0271926	3.4925	0.00903581	2.72397	0.00631404	-0.24	4.36	5.36	0.106244	-0.24	2.83059	2.6432	-0.24	-0.24	0	0.18449	2.89901	2.13915	0.16	1.21751	-0.24	-0.24	1.60427	2.64714	3.29807	0.107656	0.0302041	3.68249	0.667432	2.73877	3.61638	3.10776	1.57586	2.7324	0.027036	0.286543	0.00619565	-0.24	1.36	2.87706	3.12311	2.38694	3.54084	2.14244	0.0354325	0.0065625	0.020591	3.35745	3.29944	0.00512111	0.00272212	2.06782	2.22801	1.98787	0.387428	0.959939	
3.24003	2.96656	6.5102	3.87585	0.358703	1.71458	3.60735	3.5377	4.79423	-0.489796	0.195354	3.16626	0.325019	-0.489796	0.0195141	-0.489796	3.62887	4.84491	0.193464	0.187292	0.452976	0.983517	0.226712	-0.489796	-0.489796	0.578678	-0.489796	0.20598	0.468901	2.45991	0.189075	0.212562	3.6427	0.188677	2.87831	0.190337	-0.489796	4.5102	5.5102	0.291761	-0.489796	2.98079	2.79904	-0.489796	-0.489796	0.18449	0	3.05049	2.29337	0.321633	1.37563	-0.489796	-0.489796	1.76065	2.80061	3.45167	0.304289	0.0661224	3.83269	0.842759	2.89237	3.76658	3.26367	1.7445	2.88509	0.204308	0.462144	0.18994	-0.489796	0.653061	3.02956	3.27526	2.54531	3.69104	2.30398	0.209166	0.193909	0.207453	3.50765	3.45119	0.18625	0.186052	2.22975	2.38243	2.15137	0.47984	1.13413	
