0	4	2.25	5	4.25	4	5.11111	4	5	4.44444	4	5	5	1	4.53061	1	5	5	4	5	5.64	4.30556	4	4.55556	5.11111	4.33333	8.18367	0.836735	0.5625	1.32653	1	0.916667	1	5	7	4.04	1	4	1	1.08	4.16	1	5	4.32653	4.69444	4.125	5	4.5	5	4.08163	4.5102	5	4.18367	4.0625	4.04	4.25	5	4.5102	5	5	5	1	1	1	2	2	1.40816	2	7	0.183673	1	2	1	11	1	1	7.04082	1	1.625	3.41667	1	0.703125	1.16667	10.4444	4.39062	4.36735	5.18367	
4	0	2.75	1	0.25	0	1.11111	0	1	0.444444	0	1	1	6	0.530612	4	1	1	0	1	1.64	0.305556	0	0.555556	2.44444	2.66667	4.18367	4.55102	5.3125	4.32653	6	2.91667	4	1	5	0.04	4	2	6	5.28	0.16	6	1	0.326531	0.694444	0.125	1	0.5	1	0.0816327	0.510204	1	0.183673	0.0625	0.04	0.25	1	0.510204	1	1	1	6	4	4	7	7	2.40816	7	3	4.61224	6	5	4	7	4	4	5.04082	4	3.5	0.0833333	6	5.07812	3	6.44444	0.390625	0.367347	1.18367	
2.25	2.75	0	3.75	3	2.75	3.86111	2.75	3.75	3.19444	2.75	3.75	3.75	2.75	3.28061	3.75	3.75	3.75	2.75	3.75	4.39	3.05556	2.75	1.63889	1.19444	1.08333	2.5051	1.44388	2.4375	4.07653	2.75	1.66667	3.75	2.08333	2.75	2.79	3.75	3.75	2.75	2.43	2.91	2.75	3.75	3.07653	3.44444	2.875	3.75	3.25	3.75	2.83163	3.2602	3.75	2.93367	2.8125	2.79	3	3.75	3.2602	3.75	3.75	3.75	2.75	3.75	3.75	3.75	3.75	1.87245	3.75	5.75	2.21939	2.75	4.75	3.75	5.75	3.75	3.75	2.79082	3.75	0.875	2.5	2.75	2.32812	2.58333	5.19444	3.14062	3.11735	3.93367	
5	1	3.75	0	0.25	1	0.111111	1	0	0.111111	1	0	0	7	0.102041	5	0	0	1	0	0.64	0.305556	1	1.55556	3.44444	3.66667	5.18367	5.55102	6.3125	5.32653	7	3.25	5	0.666667	6	0.64	5	1	7	6.28	0.36	7	0	0.183673	0.0277778	0.625	0	0.5	0	0.510204	0.0816327	0	0.326531	0.5625	0.64	0.25	0	0.0816327	2	0	0	7	5	5	8	8	3.40816	8	3	5.61224	7	6	5	8	5	5	6.04082	5	4.5	1.08333	7	5.82812	4	7.44444	0.140625	0.510204	0.183673	
4.25	0.25	3	0.25	0	0.25	0.361111	0.25	0.25	0.0277778	0.25	0.25	0.25	6.25	0.0663265	4.25	0.25	0.25	0.25	0.25	0.89	0.0555556	0.25	0.805556	2.69444	2.91667	4.43367	4.80102	5.5625	4.57653	6.25	2.83333	4.25	0.583333	5.25	0.09	4.25	1.25	6.25	5.53	0.01	6.25	0.25	0.00510204	0.111111	0.125	0.25	0.25	0.25	0.0459184	0.0459184	0.25	0.00510204	0.0625	0.09	0	0.25	0.0459184	1.25	0.25	0.25	6.25	4.25	4.25	7.25	7.25	2.65816	7.25	2.75	4.86224	6.25	5.25	4.25	7.25	4.25	4.25	5.29082	4.25	3.75	0.333333	6.25	5.20312	3.25	6.69444	0.015625	0.188776	0.433673	
4	0	2.75	1	0.25	0	1.11111	0	1	0.444444	0	1	1	6	0.530612	4	1	1	0	1	1.64	0.305556	0	0.555556	2.44444	2.66667	4.18367	4.55102	5.3125	4.32653	6	2.91667	4	1	5	0.04	4	2	6	5.28	0.16	6	1	0.326531	0.694444	0.125	1	0.5	1	0.0816327	0.510204	1	0.183673	0.0625	0.04	0.25	1	0.510204	1	1	1	6	4	4	7	7	2.40816	7	3	4.61224	6	5	4	7	4	4	5.04082	4	3.5	0.0833333	6	5.07812	3	6.44444	0.390625	0.367347	1.18367	
5.11111	1.11111	3.86111	0.111111	0.361111	1.11111	0	1.11111	0.111111	0.222222	1.11111	0.111111	0.111111	7.11111	0.213152	5.11111	0.111111	0.111111	1.11111	0.111111	0.751111	0.416667	1.11111	1.66667	3.55556	3.77778	5.29478	5.66213	6.42361	5.43764	7.11111	3.36111	5.11111	0.777778	6.11111	0.751111	5.11111	1.11111	7.11111	6.39111	0.471111	7.11111	0.111111	0.294785	0.138889	0.736111	0.111111	0.611111	0.111111	0.621315	0.192744	0.111111	0.437642	0.673611	0.751111	0.361111	0.111111	0.192744	2.11111	0.111111	0.111111	7.11111	5.11111	5.11111	8.11111	8.11111	3.51927	8.11111	3.11111	5.72336	7.11111	6.11111	5.11111	8.11111	5.11111	5.11111	6.15193	5.11111	4.61111	1.19444	7.11111	5.93924	4.11111	7.55556	0.251736	0.621315	0.294785	
4	0	2.75	1	0.25	0	1.11111	0	1	0.444444	0	1	1	6	0.530612	4	1	1	0	1	1.64	0.305556	0	0.555556	2.44444	2.66667	4.18367	4.55102	5.3125	4.32653	6	2.91667	4	1	5	0.04	4	2	6	5.28	0.16	6	1	0.326531	0.694444	0.125	1	0.5	1	0.0816327	0.510204	1	0.183673	0.0625	0.04	0.25	1	0.510204	1	1	1	6	4	4	7	7	2.40816	7	3	4.61224	6	5	4	7	4	4	5.04082	4	3.5	0.0833333	6	5.07812	3	6.44444	0.390625	0.367347	1.18367	
5	1	3.75	0	0.25	1	0.111111	1	0	0.111111	1	0	0	7	0.102041	5	0	0	1	0	0.64	0.305556	1	1.55556	3.44444	3.66667	5.18367	5.55102	6.3125	5.32653	7	3.25	5	0.666667	6	0.64	5	1	7	6.28	0.36	7	0	0.183673	0.0277778	0.625	0	0.5	0	0.510204	0.0816327	0	0.326531	0.5625	0.64	0.25	0	0.0816327	2	0	0	7	5	5	8	8	3.40816	8	3	5.61224	7	6	5	8	5	5	6.04082	5	4.5	1.08333	7	5.82812	4	7.44444	0.140625	0.510204	0.183673	
4.44444	0.444444	3.19444	0.111111	0.0277778	0.444444	0.222222	0.444444	0.111111	0	0.444444	0.111111	0.111111	6.44444	0.0226757	4.44444	0.111111	0.111111	0.444444	0.111111	0.751111	0.0833333	0.444444	1	2.88889	3.11111	4.62812	4.99546	5.75694	4.77098	6.44444	2.91667	4.44444	0.555556	5.44444	0.217778	4.44444	1.11111	6.44444	5.72444	0.0711111	6.44444	0.111111	0.00907029	0.0277778	0.236111	0.111111	0.277778	0.111111	0.145125	0.00226757	0.111111	0.0566893	0.173611	0.217778	0.0277778	0.111111	0.00226757	1.44444	0.111111	0.111111	6.44444	4.44444	4.44444	7.44444	7.44444	2.85261	7.44444	2.77778	5.05669	6.44444	5.44444	4.44444	7.44444	4.44444	4.44444	5.48526	4.44444	3.94444	0.527778	6.44444	5.3559	3.44444	6.88889	0.00173611	0.240363	0.294785	
4	0	2.75	1	0.25	0	1.11111	0	1	0.444444	0	1	1	6	0.530612	4	1	1	0	1	1.64	0.305556	0	0.555556	2.44444	2.66667	4.18367	4.55102	5.3125	4.32653	6	2.91667	4	1	5	0.04	4	2	6	5.28	0.16	6	1	0.326531	0.694444	0.125	1	0.5	1	0.0816327	0.510204	1	0.183673	0.0625	0.04	0.25	1	0.510204	1	1	1	6	4	4	7	7	2.40816	7	3	4.61224	6	5	4	7	4	4	5.04082	4	3.5	0.0833333	6	5.07812	3	6.44444	0.390625	0.367347	1.18367	
5	1	3.75	0	0.25	1	0.111111	1	0	0.111111	1	0	0	7	0.102041	5	0	0	1	0	0.64	0.305556	1	1.55556	3.44444	3.66667	5.18367	5.55102	6.3125	5.32653	7	3.25	5	0.666667	6	0.64	5	1	7	6.28	0.36	7	0	0.183673	0.0277778	0.625	0	0.5	0	0.510204	0.0816327	0	0.326531	0.5625	0.64	0.25	0	0.0816327	2	0	0	7	5	5	8	8	3.40816	8	3	5.61224	7	6	5	8	5	5	6.04082	5	4.5	1.08333	7	5.82812	4	7.44444	0.140625	0.510204	0.183673	
5	1	3.75	0	0.25	1	0.111111	1	0	0.111111	1	0	0	7	0.102041	5	0	0	1	0	0.64	0.305556	1	1.55556	3.44444	3.66667	5.18367	5.55102	6.3125	5.32653	7	3.25	5	0.666667	6	0.64	5	1	7	6.28	0.36	7	0	0.183673	0.0277778	0.625	0	0.5	0	0.510204	0.0816327	0	0.326531	0.5625	0.64	0.25	0	0.0816327	2	0	0	7	5	5	8	8	3.40816	8	3	5.61224	7	6	5	8	5	5	6.04082	5	4.5	1.08333	7	5.82812	4	7.44444	0.140625	0.510204	0.183673	
1	6	2.75	7	6.25	6	7.11111	6	7	6.44444	6	7	7	0	6.53061	4	7	7	6	7	7.64	6.30556	6	6.55556	7.11111	6.66667	10.1837	0.265306	0.0625	4.32653	0	0.916667	4	7	9	6.04	4	6	0	0.08	6.16	0	7	6.32653	6.69444	6.125	7	6.5	7	6.08163	6.5102	7	6.18367	6.0625	6.04	6.25	7	6.5102	7	7	7	0	4	4	1	1	4.12245	1	9	0.326531	0	5	4	13	4	4	9.04082	4	1.75	5.41667	0	0.078125	4	12.4444	6.39062	6.36735	7.18367	
4.53061	0.530612	3.28061	0.102041	0.0663265	0.530612	0.213152	0.530612	0.102041	0.0226757	0.530612	0.102041	0.102041	6.53061	0	4.53061	0.102041	0.102041	0.530612	0.102041	0.742041	0.121882	0.530612	1.08617	2.97506	3.19728	4.71429	5.08163	5.84311	4.85714	6.53061	2.97109	4.53061	0.578231	5.53061	0.284898	4.53061	1.10204	6.53061	5.81061	0.119184	6.53061	0.102041	0.0408163	0.0345805	0.298469	0.102041	0.316327	0.102041	0.204082	0.0204082	0.102041	0.102041	0.235969	0.284898	0.0663265	0.102041	0.0204082	1.53061	0.102041	0.102041	6.53061	4.53061	4.53061	7.53061	7.53061	2.93878	7.53061	2.81633	5.14286	6.53061	5.53061	4.53061	7.53061	4.53061	4.53061	5.57143	4.53061	4.03061	0.613946	6.53061	5.43017	3.53061	6.97506	0.0283801	0.285714	0.285714	
1	4	3.75	5	4.25	4	5.11111	4	5	4.44444	4	5	5	4	4.53061	0	5	5	4	5	5.64	4.30556	4	4.55556	5.11111	4	8.18367	3.40816	3.0625	0.326531	4	2.91667	0	5	7	4.04	0	4	4	4.08	4.16	4	5	4.32653	4.69444	4.125	5	4.5	5	4.08163	4.5102	5	4.18367	4.0625	4.04	4.25	5	4.5102	5	5	5	4	0	0	5	5	0.693878	5	7	2.04082	4	1	0	11	0	0	7.04082	0	3.5	3.41667	4	3.32812	0.333333	10.4444	4.39062	4.36735	5.18367	
5	1	3.75	0	0.25	1	0.111111	1	0	0.111111	1	0	0	7	0.102041	5	0	0	1	0	0.64	0.305556	1	1.55556	3.44444	3.66667	5.18367	5.55102	6.3125	5.32653	7	3.25	5	0.666667	6	0.64	5	1	7	6.28	0.36	7	0	0.183673	0.0277778	0.625	0	0.5	0	0.510204	0.0816327	0	0.326531	0.5625	0.64	0.25	0	0.0816327	2	0	0	7	5	5	8	8	3.40816	8	3	5.61224	7	6	5	8	5	5	6.04082	5	4.5	1.08333	7	5.82812	4	7.44444	0.140625	0.510204	0.183673	
5	1	3.75	0	0.25	1	0.111111	1	0	0.111111	1	0	0	7	0.102041	5	0	0	1	0	0.64	0.305556	1	1.55556	3.44444	3.66667	5.18367	5.55102	6.3125	5.32653	7	3.25	5	0.666667	6	0.64	5	1	7	6.28	0.36	7	0	0.183673	0.0277778	0.625	0	0.5	0	0.510204	0.0816327	0	0.326531	0.5625	0.64	0.25	0	0.0816327	2	0	0	7	5	5	8	8	3.40816	8	3	5.61224	7	6	5	8	5	5	6.04082	5	4.5	1.08333	7	5.82812	4	7.44444	0.140625	0.510204	0.183673	
4	0	2.75	1	0.25	0	1.11111	0	1	0.444444	0	1	1	6	0.530612	4	1	1	0	1	1.64	0.305556	0	0.555556	2.44444	2.66667	4.18367	4.55102	5.3125	4.32653	6	2.91667	4	1	5	0.04	4	2	6	5.28	0.16	6	1	0.326531	0.694444	0.125	1	0.5	1	0.0816327	0.510204	1	0.183673	0.0625	0.04	0.25	1	0.510204	1	1	1	6	4	4	7	7	2.40816	7	3	4.61224	6	5	4	7	4	4	5.04082	4	3.5	0.0833333	6	5.07812	3	6.44444	0.390625	0.367347	1.18367	
5	1	3.75	0	0.25	1	0.111111	1	0	0.111111	1	0	0	7	0.102041	5	0	0	1	0	0.64	0.305556	1	1.55556	3.44444	3.66667	5.18367	5.55102	6.3125	5.32653	7	3.25	5	0.666667	6	0.64	5	1	7	6.28	0.36	7	0	0.183673	0.0277778	0.625	0	0.5	0	0.510204	0.0816327	0	0.326531	0.5625	0.64	0.25	0	0.0816327	2	0	0	7	5	5	8	8	3.40816	8	3	5.61224	7	6	5	8	5	5	6.04082	5	4.5	1.08333	7	5.82812	4	7.44444	0.140625	0.510204	0.183673	
5.64	1.64	4.39	0.64	0.89	1.64	0.751111	1.64	0.64	0.751111	1.64	0.64	0.64	7.64	0.742041	5.64	0.64	0.64	1.64	0.64	0	0.945556	1.64	2.19556	4.08444	4.30667	5.82367	6.19102	6.9525	5.96653	7.64	3.89	5.64	1.30667	6.64	1.28	5.64	1.64	7.64	6.92	1	7.64	0.64	0.823673	0.667778	1.265	0.64	1.14	0.64	1.1502	0.721633	0.64	0.966531	1.2025	1.28	0.89	0.64	0.721633	2.64	0.64	0.64	7.64	5.64	5.64	8.64	8.64	4.04816	8.64	3.64	6.25224	7.64	6.64	5.64	8.64	5.64	5.64	6.68082	5.64	5.14	1.72333	7.64	6.46813	4.64	8.08444	0.780625	1.1502	0.823673	
4.30556	0.305556	3.05556	0.305556	0.0555556	0.305556	0.416667	0.305556	0.305556	0.0833333	0.305556	0.305556	0.305556	6.30556	0.121882	4.30556	0.305556	0.305556	0.305556	0.305556	0.945556	0	0.305556	0.861111	2.75	2.97222	4.48923	4.85658	5.61806	4.63209	6.30556	2.88889	4.30556	0.638889	5.30556	0.145556	4.30556	1.30556	6.30556	5.58556	0.0655556	6.30556	0.305556	0.0606576	0.166667	0.180556	0.305556	0.305556	0.305556	0.101474	0.101474	0.305556	0.0606576	0.118056	0.145556	0.0555556	0.305556	0.101474	1.30556	0.305556	0.305556	6.30556	4.30556	4.30556	7.30556	7.30556	2.71372	7.30556	2.80556	4.9178	6.30556	5.30556	4.30556	7.30556	4.30556	4.30556	5.34637	4.30556	3.80556	0.388889	6.30556	5.25868	3.30556	6.75	0.0711806	0.244331	0.489229	
4	0	2.75	1	0.25	0	1.11111	0	1	0.444444	0	1	1	6	0.530612	4	1	1	0	1	1.64	0.305556	0	0.555556	2.44444	2.66667	4.18367	4.55102	5.3125	4.32653	6	2.91667	4	1	5	0.04	4	2	6	5.28	0.16	6	1	0.326531	0.694444	0.125	1	0.5	1	0.0816327	0.510204	1	0.183673	0.0625	0.04	0.25	1	0.510204	1	1	1	6	4	4	7	7	2.40816	7	3	4.61224	6	5	4	7	4	4	5.04082	4	3.5	0.0833333	6	5.07812	3	6.44444	0.390625	0.367347	1.18367	
4.55556	0.555556	1.63889	1.55556	0.805556	0.555556	1.66667	0.555556	1.55556	1	0.555556	1.55556	1.55556	6.55556	1.08617	4.55556	1.55556	1.55556	0.555556	1.55556	2.19556	0.861111	0.555556	0	0.777778	1	1.78685	4.63039	5.86806	4.88209	6.55556	3.47222	4.55556	0.444444	2.88889	0.595556	4.55556	2.55556	6.55556	5.83556	0.715556	6.55556	1.55556	0.882086	1.25	0.680556	1.55556	1.05556	1.55556	0.637188	1.06576	1.55556	0.739229	0.618056	0.595556	0.805556	1.55556	1.06576	1.55556	1.55556	1.55556	6.55556	4.55556	4.55556	7.55556	7.55556	2.20181	7.55556	3.55556	5.1678	6.55556	5.55556	4.55556	4.88889	4.55556	4.55556	2.92971	4.55556	3.05556	0.638889	6.55556	5.63368	3.11111	4.33333	0.946181	0.922902	1.73923	
5.11111	2.44444	1.19444	3.44444	2.69444	2.44444	3.55556	2.44444	3.44444	2.88889	2.44444	3.44444	3.44444	7.11111	2.97506	5.11111	3.44444	3.44444	2.44444	3.44444	4.08444	2.75	2.44444	0.777778	0	0.222222	0.723356	4.90023	6.42361	5.43764	7.11111	4.47222	5.11111	1.22222	1.44444	2.48444	5.11111	3.77778	7.11111	6.52444	2.60444	7.11111	3.44444	2.77098	3.13889	2.56944	3.44444	2.94444	3.44444	2.52608	2.95465	3.44444	2.62812	2.50694	2.48444	2.69444	3.44444	2.95465	3.44444	3.44444	3.44444	7.11111	5.11111	5.11111	8.11111	8.11111	2.37642	8.11111	5.44444	5.72336	7.11111	6.11111	5.11111	4.11111	5.11111	5.11111	1.48526	5.11111	2.94444	2.41667	7.11111	6.27257	3.44444	3.55556	2.83507	2.81179	3.62812	
4.33333	2.66667	1.08333	3.66667	2.91667	2.66667	3.77778	2.66667	3.66667	3.11111	2.66667	3.66667	3.66667	6.66667	3.19728	4	3.66667	3.66667	2.66667	3.66667	4.30667	2.97222	2.66667	1	0.222222	0	0.945578	4.55102	5.89583	4.32653	6.66667	4.25	4	1.44444	1.66667	2.70667	4	4	6.66667	6.21333	2.82667	6.66667	3.66667	2.9932	3.36111	2.79167	3.66667	3.16667	3.66667	2.7483	3.17687	3.66667	2.85034	2.72917	2.70667	2.91667	3.66667	3.17687	3.66667	3.66667	3.66667	6.66667	4	4	7.66667	7.66667	1.64626	7.66667	5.66667	5.08844	6.66667	5	4	4.33333	4	4	1.70748	4	2.83333	2.52778	6.66667	5.82812	2.55556	3.77778	3.05729	3.03401	3.85034	
8.18367	4.18367	2.5051	5.18367	4.43367	4.18367	5.29478	4.18367	5.18367	4.62812	4.18367	5.18367	5.18367	10.1837	4.71429	8.18367	5.18367	5.18367	4.18367	5.18367	5.82367	4.48923	4.18367	1.78685	0.723356	0.945578	0	7.46939	9.49617	8.5102	10.1837	7.10034	8.18367	2.23129	1.18367	4.22367	8.18367	6.18367	10.1837	9.46367	4.34367	10.1837	5.18367	4.5102	4.87812	4.30867	5.18367	4.68367	5.18367	4.26531	4.69388	5.18367	4.36735	4.24617	4.22367	4.43367	5.18367	4.69388	5.18367	5.18367	5.18367	10.1837	8.18367	8.18367	11.1837	11.1837	4.30612	11.1837	7.18367	8.79592	10.1837	9.18367	8.18367	3.18367	8.18367	8.18367	1.22449	8.18367	4.68367	4.26701	10.1837	9.2618	5.85034	2.62812	4.5743	4.55102	5.36735	
0.836735	4.55102	1.44388	5.55102	4.80102	4.55102	5.66213	4.55102	5.55102	4.99546	4.55102	5.55102	5.55102	0.265306	5.08163	3.40816	5.55102	5.55102	4.55102	5.55102	6.19102	4.85658	4.55102	4.63039	4.90023	4.55102	7.46939	0	0.220663	3.73469	0.265306	0.610544	3.40816	5.07483	6.69388	4.59102	3.40816	4.83673	0.265306	0.23102	4.71102	0.265306	5.55102	4.87755	5.24546	4.67602	5.55102	5.05102	5.55102	4.63265	5.06122	5.55102	4.73469	4.61352	4.59102	4.80102	5.55102	5.06122	5.55102	5.55102	5.55102	0.265306	3.40816	3.40816	1.26531	1.26531	2.95918	1.26531	7.55102	0.346939	0.265306	4.40816	3.40816	10.4082	3.40816	3.40816	6.73469	3.40816	0.979592	4.06293	0.265306	0.200574	3.07483	9.85261	4.94165	4.91837	5.73469	
0.5625	5.3125	2.4375	6.3125	5.5625	5.3125	6.42361	5.3125	6.3125	5.75694	5.3125	6.3125	6.3125	0.0625	5.84311	3.0625	6.3125	6.3125	5.3125	6.3125	6.9525	5.61806	5.3125	5.86806	6.42361	5.89583	9.49617	0.220663	0	3.38903	0.0625	0.729167	3.0625	6.3125	8.3125	5.3525	3.0625	5.3125	0.0625	0.1425	5.4725	0.0625	6.3125	5.63903	6.00694	5.4375	6.3125	5.8125	6.3125	5.39413	5.8227	6.3125	5.49617	5.375	5.3525	5.5625	6.3125	5.8227	6.3125	6.3125	6.3125	0.0625	3.0625	3.0625	1.0625	1.0625	3.25638	1.0625	8.3125	0.103316	0.0625	4.0625	3.0625	12.3125	3.0625	3.0625	8.35332	3.0625	1.53125	4.72917	0.0625	0.046875	3.10417	11.7569	5.70312	5.67985	6.49617	
1.32653	4.32653	4.07653	5.32653	4.57653	4.32653	5.43764	4.32653	5.32653	4.77098	4.32653	5.32653	5.32653	4.32653	4.85714	0.326531	5.32653	5.32653	4.32653	5.32653	5.96653	4.63209	4.32653	4.88209	5.43764	4.32653	8.5102	3.73469	3.38903	0	4.32653	3.2432	0.326531	5.32653	7.32653	4.36653	0.326531	4.32653	4.32653	4.40653	4.48653	4.32653	5.32653	4.65306	5.02098	4.45153	5.32653	4.82653	5.32653	4.40816	4.83673	5.32653	4.5102	4.38903	4.36653	4.57653	5.32653	4.83673	5.32653	5.32653	5.32653	4.32653	0.326531	0.326531	5.32653	5.32653	1.02041	5.32653	7.32653	2.36735	4.32653	1.32653	0.326531	11.3265	0.326531	0.326531	7.36735	0.326531	3.82653	3.7432	4.32653	3.65466	0.659864	10.771	4.71716	4.69388	5.5102	
1	6	2.75	7	6.25	6	7.11111	6	7	6.44444	6	7	7	0	6.53061	4	7	7	6	7	7.64	6.30556	6	6.55556	7.11111	6.66667	10.1837	0.265306	0.0625	4.32653	0	0.916667	4	7	9	6.04	4	6	0	0.08	6.16	0	7	6.32653	6.69444	6.125	7	6.5	7	6.08163	6.5102	7	6.18367	6.0625	6.04	6.25	7	6.5102	7	7	7	0	4	4	1	1	4.12245	1	9	0.326531	0	5	4	13	4	4	9.04082	4	1.75	5.41667	0	0.078125	4	12.4444	6.39062	6.36735	7.18367	
0.916667	2.91667	1.66667	3.25	2.83333	2.91667	3.36111	2.91667	3.25	2.91667	2.91667	3.25	3.25	0.916667	2.97109	2.91667	3.25	3.25	2.91667	3.25	3.89	2.88889	2.91667	3.47222	4.47222	4.25	7.10034	0.610544	0.729167	3.2432	0.916667	0	2.91667	3.47222	6.58333	2.82333	2.91667	2.91667	0.916667	0.73	2.81	0.916667	3.25	2.86224	3.05556	2.875	3.25	3.08333	3.25	2.80782	2.95068	3.25	2.81463	2.8125	2.82333	2.83333	3.25	2.95068	3.91667	3.25	3.25	0.916667	2.91667	2.91667	1.91667	1.91667	2.46769	1.91667	5.58333	0.671769	0.916667	3.91667	2.91667	9.91667	2.91667	2.91667	6.62415	2.91667	1.25	2.55556	0.916667	0.578125	2.58333	9.36111	2.89062	2.9983	3.43367	
1	4	3.75	5	4.25	4	5.11111	4	5	4.44444	4	5	5	4	4.53061	0	5	5	4	5	5.64	4.30556	4	4.55556	5.11111	4	8.18367	3.40816	3.0625	0.326531	4	2.91667	0	5	7	4.04	0	4	4	4.08	4.16	4	5	4.32653	4.69444	4.125	5	4.5	5	4.08163	4.5102	5	4.18367	4.0625	4.04	4.25	5	4.5102	5	5	5	4	0	0	5	5	0.693878	5	7	2.04082	4	1	0	11	0	0	7.04082	0	3.5	3.41667	4	3.32812	0.333333	10.4444	4.39062	4.36735	5.18367	
5	1	2.08333	0.666667	0.583333	1	0.777778	1	0.666667	0.555556	1	0.666667	0.666667	7	0.578231	5	0.666667	0.666667	1	0.666667	1.30667	0.638889	1	0.444444	1.22222	1.44444	2.23129	5.07483	6.3125	5.32653	7	3.47222	5	0	3.33333	0.773333	5	1.66667	7	6.28	0.626667	7	0.666667	0.564626	0.583333	0.791667	0.666667	0.833333	0.666667	0.70068	0.557823	0.666667	0.612245	0.729167	0.773333	0.583333	0.666667	0.557823	2	0.666667	0.666667	7	5	5	8	8	2.64626	8	3.33333	5.61224	7	6	5	5.33333	5	5	3.37415	5	3.5	1.08333	7	5.91146	3.55556	4.77778	0.557292	0.795918	0.85034	
7	5	2.75	6	5.25	5	6.11111	5	6	5.44444	5	6	6	9	5.53061	7	6	6	5	6	6.64	5.30556	5	2.88889	1.44444	1.66667	1.18367	6.69388	8.3125	7.32653	9	6.58333	7	3.33333	0	5.04	7	5	9	8.28	5.16	9	6	5.32653	5.69444	5.125	6	5.5	6	5.08163	5.5102	6	5.18367	5.0625	5.04	5.25	6	5.5102	6	6	6	9	7	7	10	10	3.69388	10	8	7.61224	9	8	7	4	7	7	0.0408163	7	3.5	5.08333	9	8.32812	5	3.44444	5.39062	5.36735	6.18367	
4.04	0.04	2.79	0.64	0.09	0.04	0.751111	0.04	0.64	0.217778	0.04	0.64	0.64	6.04	0.284898	4.04	0.64	0.64	0.04	0.64	1.28	0.145556	0.04	0.595556	2.48444	2.70667	4.22367	4.59102	5.3525	4.36653	6.04	2.82333	4.04	0.773333	5.04	0	4.04	1.64	6.04	5.32	0.04	6.04	0.64	0.137959	0.401111	0.065	0.64	0.34	0.64	0.00734694	0.26449	0.64	0.0522449	0.0025	0	0.09	0.64	0.26449	1.04	0.64	0.64	6.04	4.04	4.04	7.04	7.04	2.44816	7.04	2.84	4.65224	6.04	5.04	4.04	7.04	4.04	4.04	5.08082	4.04	3.54	0.123333	6.04	5.06813	3.04	6.48444	0.180625	0.235918	0.823673	
1	4	3.75	5	4.25	4	5.11111	4	5	4.44444	4	5	5	4	4.53061	0	5	5	4	5	5.64	4.30556	4	4.55556	5.11111	4	8.18367	3.40816	3.0625	0.326531	4	2.91667	0	5	7	4.04	0	4	4	4.08	4.16	4	5	4.32653	4.69444	4.125	5	4.5	5	4.08163	4.5102	5	4.18367	4.0625	4.04	4.25	5	4.5102	5	5	5	4	0	0	5	5	0.693878	5	7	2.04082	4	1	0	11	0	0	7.04082	0	3.5	3.41667	4	3.32812	0.333333	10.4444	4.39062	4.36735	5.18367	
4	2	3.75	1	1.25	2	1.11111	2	1	1.11111	2	1	1	6	1.10204	4	1	1	2	1	1.64	1.30556	2	2.55556	3.77778	4	6.18367	4.83673	5.3125	4.32653	6	2.91667	4	1.66667	5	1.64	4	0	6	5.28	1.36	6	1	1.18367	1.02778	1.625	1	1.5	1	1.5102	1.08163	1	1.32653	1.5625	1.64	1.25	1	1.08163	3	1	1	6	4	4	7	7	2.97959	7	4	4.61224	6	5	4	9	4	4	5.04082	4	3.5	2.08333	6	5.07812	3.33333	8.44444	1.14062	1.5102	1.18367	
1	6	2.75	7	6.25	6	7.11111	6	7	6.44444	6	7	7	0	6.53061	4	7	7	6	7	7.64	6.30556	6	6.55556	7.11111	6.66667	10.1837	0.265306	0.0625	4.32653	0	0.916667	4	7	9	6.04	4	6	0	0.08	6.16	0	7	6.32653	6.69444	6.125	7	6.5	7	6.08163	6.5102	7	6.18367	6.0625	6.04	6.25	7	6.5102	7	7	7	0	4	4	1	1	4.12245	1	9	0.326531	0	5	4	13	4	4	9.04082	4	1.75	5.41667	0	0.078125	4	12.4444	6.39062	6.36735	7.18367	
1.08	5.28	2.43	6.28	5.53	5.28	6.39111	5.28	6.28	5.72444	5.28	6.28	6.28	0.08	5.81061	4.08	6.28	6.28	5.28	6.28	6.92	5.58556	5.28	5.83556	6.52444	6.21333	9.46367	0.23102	0.1425	4.40653	0.08	0.73	4.08	6.28	8.28	5.32	4.08	5.28	0.08	0	5.44	0.08	6.28	5.60653	5.97444	5.405	6.28	5.78	6.28	5.36163	5.7902	6.28	5.46367	5.3425	5.32	5.53	6.28	5.7902	6.28	6.28	6.28	0.08	4.08	4.08	1.08	1.08	3.97388	1.08	8.28	0.406531	0.08	5.08	4.08	12.28	4.08	4.08	8.32082	4.08	1.43	4.83	0.08	0.158125	3.94667	11.7244	5.67063	5.64735	6.46367	
4.16	0.16	2.91	0.36	0.01	0.16	0.471111	0.16	0.36	0.0711111	0.16	0.36	0.36	6.16	0.119184	4.16	0.36	0.36	0.16	0.36	1	0.0655556	0.16	0.715556	2.60444	2.82667	4.34367	4.71102	5.4725	4.48653	6.16	2.81	4.16	0.626667	5.16	0.04	4.16	1.36	6.16	5.44	0	6.16	0.36	0.0293878	0.187778	0.085	0.36	0.26	0.36	0.0130612	0.0987755	0.36	0.000816327	0.0225	0.04	0.01	0.36	0.0987755	1.16	0.36	0.36	6.16	4.16	4.16	7.16	7.16	2.56816	7.16	2.76	4.77224	6.16	5.16	4.16	7.16	4.16	4.16	5.20082	4.16	3.66	0.243333	6.16	5.13813	3.16	6.60444	0.050625	0.18449	0.543673	
1	6	2.75	7	6.25	6	7.11111	6	7	6.44444	6	7	7	0	6.53061	4	7	7	6	7	7.64	6.30556	6	6.55556	7.11111	6.66667	10.1837	0.265306	0.0625	4.32653	0	0.916667	4	7	9	6.04	4	6	0	0.08	6.16	0	7	6.32653	6.69444	6.125	7	6.5	7	6.08163	6.5102	7	6.18367	6.0625	6.04	6.25	7	6.5102	7	7	7	0	4	4	1	1	4.12245	1	9	0.326531	0	5	4	13	4	4	9.04082	4	1.75	5.41667	0	0.078125	4	12.4444	6.39062	6.36735	7.18367	
5	1	3.75	0	0.25	1	0.111111	1	0	0.111111	1	0	0	7	0.102041	5	0	0	1	0	0.64	0.305556	1	1.55556	3.44444	3.66667	5.18367	5.55102	6.3125	5.32653	7	3.25	5	0.666667	6	0.64	5	1	7	6.28	0.36	7	0	0.183673	0.0277778	0.625	0	0.5	0	0.510204	0.0816327	0	0.326531	0.5625	0.64	0.25	0	0.0816327	2	0	0	7	5	5	8	8	3.40816	8	3	5.61224	7	6	5	8	5	5	6.04082	5	4.5	1.08333	7	5.82812	4	7.44444	0.140625	0.510204	0.183673	
4.32653	0.326531	3.07653	0.183673	0.00510204	0.326531	0.294785	0.326531	0.183673	0.00907029	0.326531	0.183673	0.183673	6.32653	0.0408163	4.32653	0.183673	0.183673	0.326531	0.183673	0.823673	0.0606576	0.326531	0.882086	2.77098	2.9932	4.5102	4.87755	5.63903	4.65306	6.32653	2.86224	4.32653	0.564626	5.32653	0.137959	4.32653	1.18367	6.32653	5.60653	0.0293878	6.32653	0.183673	0	0.0685941	0.165816	0.183673	0.255102	0.183673	0.0816327	0.0204082	0.183673	0.0204082	0.103316	0.137959	0.00510204	0.183673	0.0204082	1.32653	0.183673	0.183673	6.32653	4.32653	4.32653	7.32653	7.32653	2.73469	7.32653	2.7551	4.93878	6.32653	5.32653	4.32653	7.32653	4.32653	4.32653	5.36735	4.32653	3.82653	0.409864	6.32653	5.2618	3.32653	6.77098	0.0028699	0.204082	0.367347	
4.69444	0.694444	3.44444	0.0277778	0.111111	0.694444	0.138889	0.694444	0.0277778	0.0277778	0.694444	0.0277778	0.0277778	6.69444	0.0345805	4.69444	0.0277778	0.0277778	0.694444	0.0277778	0.667778	0.166667	0.694444	1.25	3.13889	3.36111	4.87812	5.24546	6.00694	5.02098	6.69444	3.05556	4.69444	0.583333	5.69444	0.401111	4.69444	1.02778	6.69444	5.97444	0.187778	6.69444	0.0277778	0.0685941	0	0.402778	0.0277778	0.361111	0.0277778	0.299887	0.0141723	0.0277778	0.163832	0.340278	0.401111	0.111111	0.0277778	0.0141723	1.69444	0.0277778	0.0277778	6.69444	4.69444	4.69444	7.69444	7.69444	3.10261	7.69444	2.86111	5.30669	6.69444	5.69444	4.69444	7.69444	4.69444	4.69444	5.73526	4.69444	4.19444	0.777778	6.69444	5.56424	3.69444	7.13889	0.0434028	0.347506	0.211451	
4.125	0.125	2.875	0.625	0.125	0.125	0.736111	0.125	0.625	0.236111	0.125	0.625	0.625	6.125	0.298469	4.125	0.625	0.625	0.125	0.625	1.265	0.180556	0.125	0.680556	2.56944	2.79167	4.30867	4.67602	5.4375	4.45153	6.125	2.875	4.125	0.791667	5.125	0.065	4.125	1.625	6.125	5.405	0.085	6.125	0.625	0.165816	0.402778	0	0.625	0.375	0.625	0.0637755	0.278061	0.625	0.0943878	0.0625	0.065	0.125	0.625	0.278061	1.125	0.625	0.625	6.125	4.125	4.125	7.125	7.125	2.53316	7.125	2.875	4.73724	6.125	5.125	4.125	7.125	4.125	4.125	5.16582	4.125	3.625	0.208333	6.125	5.14062	3.125	6.56944	0.203125	0.278061	0.808673	
5	1	3.75	0	0.25	1	0.111111	1	0	0.111111	1	0	0	7	0.102041	5	0	0	1	0	0.64	0.305556	1	1.55556	3.44444	3.66667	5.18367	5.55102	6.3125	5.32653	7	3.25	5	0.666667	6	0.64	5	1	7	6.28	0.36	7	0	0.183673	0.0277778	0.625	0	0.5	0	0.510204	0.0816327	0	0.326531	0.5625	0.64	0.25	0	0.0816327	2	0	0	7	5	5	8	8	3.40816	8	3	5.61224	7	6	5	8	5	5	6.04082	5	4.5	1.08333	7	5.82812	4	7.44444	0.140625	0.510204	0.183673	
4.5	0.5	3.25	0.5	0.25	0.5	0.611111	0.5	0.5	0.277778	0.5	0.5	0.5	6.5	0.316327	4.5	0.5	0.5	0.5	0.5	1.14	0.305556	0.5	1.05556	2.94444	3.16667	4.68367	5.05102	5.8125	4.82653	6.5	3.08333	4.5	0.833333	5.5	0.34	4.5	1.5	6.5	5.78	0.26	6.5	0.5	0.255102	0.361111	0.375	0.5	0	0.5	0.295918	0.295918	0.5	0.255102	0.3125	0.34	0.25	0.5	0.295918	1.5	0.5	0.5	6.5	4.5	4.5	7.5	7.5	2.90816	7.5	3	5.11224	6.5	5.5	4.5	7.5	4.5	4.5	5.54082	4.5	4	0.583333	6.5	5.45312	3.5	6.94444	0.265625	0.438776	0.683673	
5	1	3.75	0	0.25	1	0.111111	1	0	0.111111	1	0	0	7	0.102041	5	0	0	1	0	0.64	0.305556	1	1.55556	3.44444	3.66667	5.18367	5.55102	6.3125	5.32653	7	3.25	5	0.666667	6	0.64	5	1	7	6.28	0.36	7	0	0.183673	0.0277778	0.625	0	0.5	0	0.510204	0.0816327	0	0.326531	0.5625	0.64	0.25	0	0.0816327	2	0	0	7	5	5	8	8	3.40816	8	3	5.61224	7	6	5	8	5	5	6.04082	5	4.5	1.08333	7	5.82812	4	7.44444	0.140625	0.510204	0.183673	
4.08163	0.0816327	2.83163	0.510204	0.0459184	0.0816327	0.621315	0.0816327	0.510204	0.145125	0.0816327	0.510204	0.510204	6.08163	0.204082	4.08163	0.510204	0.510204	0.0816327	0.510204	1.1502	0.101474	0.0816327	0.637188	2.52608	2.7483	4.26531	4.63265	5.39413	4.40816	6.08163	2.80782	4.08163	0.70068	5.08163	0.00734694	4.08163	1.5102	6.08163	5.36163	0.0130612	6.08163	0.510204	0.0816327	0.299887	0.0637755	0.510204	0.295918	0.510204	0	0.183673	0.510204	0.0204082	0.00127551	0.00734694	0.0459184	0.510204	0.183673	1.08163	0.510204	0.510204	6.08163	4.08163	4.08163	7.08163	7.08163	2.4898	7.08163	2.79592	4.69388	6.08163	5.08163	4.08163	7.08163	4.08163	4.08163	5.12245	4.08163	3.58163	0.164966	6.08163	5.08833	3.08163	6.52608	0.115115	0.204082	0.693878	
4.5102	0.510204	3.2602	0.0816327	0.0459184	0.510204	0.192744	0.510204	0.0816327	0.00226757	0.510204	0.0816327	0.0816327	6.5102	0.0204082	4.5102	0.0816327	0.0816327	0.510204	0.0816327	0.721633	0.101474	0.510204	1.06576	2.95465	3.17687	4.69388	5.06122	5.8227	4.83673	6.5102	2.95068	4.5102	0.557823	5.5102	0.26449	4.5102	1.08163	6.5102	5.7902	0.0987755	6.5102	0.0816327	0.0204082	0.0141723	0.278061	0.0816327	0.295918	0.0816327	0.183673	0	0.0816327	0.0816327	0.215561	0.26449	0.0459184	0.0816327	0	1.5102	0.0816327	0.0816327	6.5102	4.5102	4.5102	7.5102	7.5102	2.91837	7.5102	2.79592	5.12245	6.5102	5.5102	4.5102	7.5102	4.5102	4.5102	5.55102	4.5102	4.0102	0.593537	6.5102	5.40976	3.5102	6.95465	0.00797194	0.265306	0.265306	
5	1	3.75	0	0.25	1	0.111111	1	0	0.111111	1	0	0	7	0.102041	5	0	0	1	0	0.64	0.305556	1	1.55556	3.44444	3.66667	5.18367	5.55102	6.3125	5.32653	7	3.25	5	0.666667	6	0.64	5	1	7	6.28	0.36	7	0	0.183673	0.0277778	0.625	0	0.5	0	0.510204	0.0816327	0	0.326531	0.5625	0.64	0.25	0	0.0816327	2	0	0	7	5	5	8	8	3.40816	8	3	5.61224	7	6	5	8	5	5	6.04082	5	4.5	1.08333	7	5.82812	4	7.44444	0.140625	0.510204	0.183673	
4.18367	0.183673	2.93367	0.326531	0.00510204	0.183673	0.437642	0.183673	0.326531	0.0566893	0.183673	0.326531	0.326531	6.18367	0.102041	4.18367	0.326531	0.326531	0.183673	0.326531	0.966531	0.0606576	0.183673	0.739229	2.62812	2.85034	4.36735	4.73469	5.49617	4.5102	6.18367	2.81463	4.18367	0.612245	5.18367	0.0522449	4.18367	1.32653	6.18367	5.46367	0.000816327	6.18367	0.326531	0.0204082	0.163832	0.0943878	0.326531	0.255102	0.326531	0.0204082	0.0816327	0.326531	0	0.0318878	0.0522449	0.00510204	0.326531	0.0816327	1.18367	0.326531	0.326531	6.18367	4.18367	4.18367	7.18367	7.18367	2.59184	7.18367	2.7551	4.79592	6.18367	5.18367	4.18367	7.18367	4.18367	4.18367	5.22449	4.18367	3.68367	0.267007	6.18367	5.15466	3.18367	6.62812	0.0385842	0.183673	0.510204	
4.0625	0.0625	2.8125	0.5625	0.0625	0.0625	0.673611	0.0625	0.5625	0.173611	0.0625	0.5625	0.5625	6.0625	0.235969	4.0625	0.5625	0.5625	0.0625	0.5625	1.2025	0.118056	0.0625	0.618056	2.50694	2.72917	4.24617	4.61352	5.375	4.38903	6.0625	2.8125	4.0625	0.729167	5.0625	0.0025	4.0625	1.5625	6.0625	5.3425	0.0225	6.0625	0.5625	0.103316	0.340278	0.0625	0.5625	0.3125	0.5625	0.00127551	0.215561	0.5625	0.0318878	0	0.0025	0.0625	0.5625	0.215561	1.0625	0.5625	0.5625	6.0625	4.0625	4.0625	7.0625	7.0625	2.47066	7.0625	2.8125	4.67474	6.0625	5.0625	4.0625	7.0625	4.0625	4.0625	5.10332	4.0625	3.5625	0.145833	6.0625	5.07812	3.0625	6.50694	0.140625	0.215561	0.746173	
4.04	0.04	2.79	0.64	0.09	0.04	0.751111	0.04	0.64	0.217778	0.04	0.64	0.64	6.04	0.284898	4.04	0.64	0.64	0.04	0.64	1.28	0.145556	0.04	0.595556	2.48444	2.70667	4.22367	4.59102	5.3525	4.36653	6.04	2.82333	4.04	0.773333	5.04	0	4.04	1.64	6.04	5.32	0.04	6.04	0.64	0.137959	0.401111	0.065	0.64	0.34	0.64	0.00734694	0.26449	0.64	0.0522449	0.0025	0	0.09	0.64	0.26449	1.04	0.64	0.64	6.04	4.04	4.04	7.04	7.04	2.44816	7.04	2.84	4.65224	6.04	5.04	4.04	7.04	4.04	4.04	5.08082	4.04	3.54	0.123333	6.04	5.06813	3.04	6.48444	0.180625	0.235918	0.823673	
4.25	0.25	3	0.25	0	0.25	0.361111	0.25	0.25	0.0277778	0.25	0.25	0.25	6.25	0.0663265	4.25	0.25	0.25	0.25	0.25	0.89	0.0555556	0.25	0.805556	2.69444	2.91667	4.43367	4.80102	5.5625	4.57653	6.25	2.83333	4.25	0.583333	5.25	0.09	4.25	1.25	6.25	5.53	0.01	6.25	0.25	0.00510204	0.111111	0.125	0.25	0.25	0.25	0.0459184	0.0459184	0.25	0.00510204	0.0625	0.09	0	0.25	0.0459184	1.25	0.25	0.25	6.25	4.25	4.25	7.25	7.25	2.65816	7.25	2.75	4.86224	6.25	5.25	4.25	7.25	4.25	4.25	5.29082	4.25	3.75	0.333333	6.25	5.20312	3.25	6.69444	0.015625	0.188776	0.433673	
5	1	3.75	0	0.25	1	0.111111	1	0	0.111111	1	0	0	7	0.102041	5	0	0	1	0	0.64	0.305556	1	1.55556	3.44444	3.66667	5.18367	5.55102	6.3125	5.32653	7	3.25	5	0.666667	6	0.64	5	1	7	6.28	0.36	7	0	0.183673	0.0277778	0.625	0	0.5	0	0.510204	0.0816327	0	0.326531	0.5625	0.64	0.25	0	0.0816327	2	0	0	7	5	5	8	8	3.40816	8	3	5.61224	7	6	5	8	5	5	6.04082	5	4.5	1.08333	7	5.82812	4	7.44444	0.140625	0.510204	0.183673	
4.5102	0.510204	3.2602	0.0816327	0.0459184	0.510204	0.192744	0.510204	0.0816327	0.00226757	0.510204	0.0816327	0.0816327	6.5102	0.0204082	4.5102	0.0816327	0.0816327	0.510204	0.0816327	0.721633	0.101474	0.510204	1.06576	2.95465	3.17687	4.69388	5.06122	5.8227	4.83673	6.5102	2.95068	4.5102	0.557823	5.5102	0.26449	4.5102	1.08163	6.5102	5.7902	0.0987755	6.5102	0.0816327	0.0204082	0.0141723	0.278061	0.0816327	0.295918	0.0816327	0.183673	0	0.0816327	0.0816327	0.215561	0.26449	0.0459184	0.0816327	0	1.5102	0.0816327	0.0816327	6.5102	4.5102	4.5102	7.5102	7.5102	2.91837	7.5102	2.79592	5.12245	6.5102	5.5102	4.5102	7.5102	4.5102	4.5102	5.55102	4.5102	4.0102	0.593537	6.5102	5.40976	3.5102	6.95465	0.00797194	0.265306	0.265306	
5	1	3.75	2	1.25	1	2.11111	1	2	1.44444	1	2	2	7	1.53061	5	2	2	1	2	2.64	1.30556	1	1.55556	3.44444	3.66667	5.18367	5.55102	6.3125	5.32653	7	3.91667	5	2	6	1.04	5	3	7	6.28	1.16	7	2	1.32653	1.69444	1.125	2	1.5	2	1.08163	1.5102	2	1.18367	1.0625	1.04	1.25	2	1.5102	0	2	2	7	5	5	8	8	3.40816	8	4	5.61224	7	6	5	8	5	5	6.04082	5	4.5	1.08333	7	6.07812	4	7.44444	1.39062	1.36735	2.18367	
5	1	3.75	0	0.25	1	0.111111	1	0	0.111111	1	0	0	7	0.102041	5	0	0	1	0	0.64	0.305556	1	1.55556	3.44444	3.66667	5.18367	5.55102	6.3125	5.32653	7	3.25	5	0.666667	6	0.64	5	1	7	6.28	0.36	7	0	0.183673	0.0277778	0.625	0	0.5	0	0.510204	0.0816327	0	0.326531	0.5625	0.64	0.25	0	0.0816327	2	0	0	7	5	5	8	8	3.40816	8	3	5.61224	7	6	5	8	5	5	6.04082	5	4.5	1.08333	7	5.82812	4	7.44444	0.140625	0.510204	0.183673	
5	1	3.75	0	0.25	1	0.111111	1	0	0.111111	1	0	0	7	0.102041	5	0	0	1	0	0.64	0.305556	1	1.55556	3.44444	3.66667	5.18367	5.55102	6.3125	5.32653	7	3.25	5	0.666667	6	0.64	5	1	7	6.28	0.36	7	0	0.183673	0.0277778	0.625	0	0.5	0	0.510204	0.0816327	0	0.326531	0.5625	0.64	0.25	0	0.0816327	2	0	0	7	5	5	8	8	3.40816	8	3	5.61224	7	6	5	8	5	5	6.04082	5	4.5	1.08333	7	5.82812	4	7.44444	0.140625	0.510204	0.183673	
1	6	2.75	7	6.25	6	7.11111	6	7	6.44444	6	7	7	0	6.53061	4	7	7	6	7	7.64	6.30556	6	6.55556	7.11111	6.66667	10.1837	0.265306	0.0625	4.32653	0	0.916667	4	7	9	6.04	4	6	0	0.08	6.16	0	7	6.32653	6.69444	6.125	7	6.5	7	6.08163	6.5102	7	6.18367	6.0625	6.04	6.25	7	6.5102	7	7	7	0	4	4	1	1	4.12245	1	9	0.326531	0	5	4	13	4	4	9.04082	4	1.75	5.41667	0	0.078125	4	12.4444	6.39062	6.36735	7.18367	
1	4	3.75	5	4.25	4	5.11111	4	5	4.44444	4	5	5	4	4.53061	0	5	5	4	5	5.64	4.30556	4	4.55556	5.11111	4	8.18367	3.40816	3.0625	0.326531	4	2.91667	0	5	7	4.04	0	4	4	4.08	4.16	4	5	4.32653	4.69444	4.125	5	4.5	5	4.08163	4.5102	5	4.18367	4.0625	4.04	4.25	5	4.5102	5	5	5	4	0	0	5	5	0.693878	5	7	2.04082	4	1	0	11	0	0	7.04082	0	3.5	3.41667	4	3.32812	0.333333	10.4444	4.39062	4.36735	5.18367	
1	4	3.75	5	4.25	4	5.11111	4	5	4.44444	4	5	5	4	4.53061	0	5	5	4	5	5.64	4.30556	4	4.55556	5.11111	4	8.18367	3.40816	3.0625	0.326531	4	2.91667	0	5	7	4.04	0	4	4	4.08	4.16	4	5	4.32653	4.69444	4.125	5	4.5	5	4.08163	4.5102	5	4.18367	4.0625	4.04	4.25	5	4.5102	5	5	5	4	0	0	5	5	0.693878	5	7	2.04082	4	1	0	11	0	0	7.04082	0	3.5	3.41667	4	3.32812	0.333333	10.4444	4.39062	4.36735	5.18367	
2	7	3.75	8	7.25	7	8.11111	7	8	7.44444	7	8	8	1	7.53061	5	8	8	7	8	8.64	7.30556	7	7.55556	8.11111	7.66667	11.1837	1.26531	1.0625	5.32653	1	1.91667	5	8	10	7.04	5	7	1	1.08	7.16	1	8	7.32653	7.69444	7.125	8	7.5	8	7.08163	7.5102	8	7.18367	7.0625	7.04	7.25	8	7.5102	8	8	8	1	5	5	0	0	5.12245	2	10	1.32653	1	6	5	14	5	5	10.0408	5	2.75	6.41667	1	1.07812	5	13.4444	7.39062	7.36735	8.18367	
2	7	3.75	8	7.25	7	8.11111	7	8	7.44444	7	8	8	1	7.53061	5	8	8	7	8	8.64	7.30556	7	7.55556	8.11111	7.66667	11.1837	1.26531	1.0625	5.32653	1	1.91667	5	8	10	7.04	5	7	1	1.08	7.16	1	8	7.32653	7.69444	7.125	8	7.5	8	7.08163	7.5102	8	7.18367	7.0625	7.04	7.25	8	7.5102	8	8	8	1	5	5	0	0	5.12245	2	10	1.32653	1	6	5	14	5	5	10.0408	5	2.75	6.41667	1	1.07812	5	13.4444	7.39062	7.36735	8.18367	
1.40816	2.40816	1.87245	3.40816	2.65816	2.40816	3.51927	2.40816	3.40816	2.85261	2.40816	3.40816	3.40816	4.12245	2.93878	0.693878	3.40816	3.40816	2.40816	3.40816	4.04816	2.71372	2.40816	2.20181	2.37642	1.64626	4.30612	2.95918	3.25638	1.02041	4.12245	2.46769	0.693878	2.64626	3.69388	2.44816	0.693878	2.97959	4.12245	3.97388	2.56816	4.12245	3.40816	2.73469	3.10261	2.53316	3.40816	2.90816	3.40816	2.4898	2.91837	3.40816	2.59184	2.47066	2.44816	2.65816	3.40816	2.91837	3.40816	3.40816	3.40816	4.12245	0.693878	0.693878	5.12245	5.12245	0	5.12245	5.40816	2.32653	4.12245	1.69388	0.693878	7.12245	0.693878	0.693878	3.73469	0.693878	2.19388	2.01531	4.12245	3.37915	0.265306	6.56689	2.79879	2.77551	3.59184	
2	7	3.75	8	7.25	7	8.11111	7	8	7.44444	7	8	8	1	7.53061	5	8	8	7	8	8.64	7.30556	7	7.55556	8.11111	7.66667	11.1837	1.26531	1.0625	5.32653	1	1.91667	5	8	10	7.04	5	7	1	1.08	7.16	1	8	7.32653	7.69444	7.125	8	7.5	8	7.08163	7.5102	8	7.18367	7.0625	7.04	7.25	8	7.5102	8	8	8	1	5	5	2	2	5.12245	0	10	1.32653	1	6	5	14	5	5	10.0408	5	2.75	6.41667	1	1.07812	5	13.4444	7.39062	7.36735	8.18367	
7	3	5.75	3	2.75	3	3.11111	3	3	2.77778	3	3	3	9	2.81633	7	3	3	3	3	3.64	2.80556	3	3.55556	5.44444	5.66667	7.18367	7.55102	8.3125	7.32653	9	5.58333	7	3.33333	8	2.84	7	4	9	8.28	2.76	9	3	2.7551	2.86111	2.875	3	3	3	2.79592	2.79592	3	2.7551	2.8125	2.84	2.75	3	2.79592	4	3	3	9	7	7	10	10	5.40816	10	0	7.61224	9	8	7	10	7	7	8.04082	7	6.5	3.08333	9	7.95312	6	9.44444	2.76562	2.93878	3.18367	
0.183673	4.61224	2.21939	5.61224	4.86224	4.61224	5.72336	4.61224	5.61224	5.05669	4.61224	5.61224	5.61224	0.326531	5.14286	2.04082	5.61224	5.61224	4.61224	5.61224	6.25224	4.9178	4.61224	5.1678	5.72336	5.08844	8.79592	0.346939	0.103316	2.36735	0.326531	0.671769	2.04082	5.61224	7.61224	4.65224	2.04082	4.61224	0.326531	0.406531	4.77224	0.326531	5.61224	4.93878	5.30669	4.73724	5.61224	5.11224	5.61224	4.69388	5.12245	5.61224	4.79592	4.67474	4.65224	4.86224	5.61224	5.12245	5.61224	5.61224	5.61224	0.326531	2.04082	2.04082	1.32653	1.32653	2.32653	1.32653	7.61224	0	0.326531	3.04082	2.04082	11.6122	2.04082	2.04082	7.65306	2.04082	1.43367	4.02891	0.326531	0.19037	2.13605	11.0567	5.00287	4.97959	5.79592	
1	6	2.75	7	6.25	6	7.11111	6	7	6.44444	6	7	7	0	6.53061	4	7	7	6	7	7.64	6.30556	6	6.55556	7.11111	6.66667	10.1837	0.265306	0.0625	4.32653	0	0.916667	4	7	9	6.04	4	6	0	0.08	6.16	0	7	6.32653	6.69444	6.125	7	6.5	7	6.08163	6.5102	7	6.18367	6.0625	6.04	6.25	7	6.5102	7	7	7	0	4	4	1	1	4.12245	1	9	0.326531	0	5	4	13	4	4	9.04082	4	1.75	5.41667	0	0.078125	4	12.4444	6.39062	6.36735	7.18367	
2	5	4.75	6	5.25	5	6.11111	5	6	5.44444	5	6	6	5	5.53061	1	6	6	5	6	6.64	5.30556	5	5.55556	6.11111	5	9.18367	4.40816	4.0625	1.32653	5	3.91667	1	6	8	5.04	1	5	5	5.08	5.16	5	6	5.32653	5.69444	5.125	6	5.5	6	5.08163	5.5102	6	5.18367	5.0625	5.04	5.25	6	5.5102	6	6	6	5	1	1	6	6	1.69388	6	8	3.04082	5	0	1	12	1	1	8.04082	1	4.5	4.41667	5	4.32812	1.33333	11.4444	5.39062	5.36735	6.18367	
1	4	3.75	5	4.25	4	5.11111	4	5	4.44444	4	5	5	4	4.53061	0	5	5	4	5	5.64	4.30556	4	4.55556	5.11111	4	8.18367	3.40816	3.0625	0.326531	4	2.91667	0	5	7	4.04	0	4	4	4.08	4.16	4	5	4.32653	4.69444	4.125	5	4.5	5	4.08163	4.5102	5	4.18367	4.0625	4.04	4.25	5	4.5102	5	5	5	4	0	0	5	5	0.693878	5	7	2.04082	4	1	0	11	0	0	7.04082	0	3.5	3.41667	4	3.32812	0.333333	10.4444	4.39062	4.36735	5.18367	
11	7	5.75	8	7.25	7	8.11111	7	8	7.44444	7	8	8	13	7.53061	11	8	8	7	8	8.64	7.30556	7	4.88889	4.11111	4.33333	3.18367	10.4082	12.3125	11.3265	13	9.91667	11	5.33333	4	7.04	11	9	13	12.28	7.16	13	8	7.32653	7.69444	7.125	8	7.5	8	7.08163	7.5102	8	7.18367	7.0625	7.04	7.25	8	7.5102	8	8	8	13	11	11	14	14	7.12245	14	10	11.6122	13	12	11	0	11	11	4.04082	11	7.25	7.08333	13	12.0781	8	0.111111	7.39062	7.36735	8.18367	
1	4	3.75	5	4.25	4	5.11111	4	5	4.44444	4	5	5	4	4.53061	0	5	5	4	5	5.64	4.30556	4	4.55556	5.11111	4	8.18367	3.40816	3.0625	0.326531	4	2.91667	0	5	7	4.04	0	4	4	4.08	4.16	4	5	4.32653	4.69444	4.125	5	4.5	5	4.08163	4.5102	5	4.18367	4.0625	4.04	4.25	5	4.5102	5	5	5	4	0	0	5	5	0.693878	5	7	2.04082	4	1	0	11	0	0	7.04082	0	3.5	3.41667	4	3.32812	0.333333	10.4444	4.39062	4.36735	5.18367	
1	4	3.75	5	4.25	4	5.11111	4	5	4.44444	4	5	5	4	4.53061	0	5	5	4	5	5.64	4.30556	4	4.55556	5.11111	4	8.18367	3.40816	3.0625	0.326531	4	2.91667	0	5	7	4.04	0	4	4	4.08	4.16	4	5	4.32653	4.69444	4.125	5	4.5	5	4.08163	4.5102	5	4.18367	4.0625	4.04	4.25	5	4.5102	5	5	5	4	0	0	5	5	0.693878	5	7	2.04082	4	1	0	11	0	0	7.04082	0	3.5	3.41667	4	3.32812	0.333333	10.4444	4.39062	4.36735	5.18367	
7.04082	5.04082	2.79082	6.04082	5.29082	5.04082	6.15193	5.04082	6.04082	5.48526	5.04082	6.04082	6.04082	9.04082	5.57143	7.04082	6.04082	6.04082	5.04082	6.04082	6.68082	5.34637	5.04082	2.92971	1.48526	1.70748	1.22449	6.73469	8.35332	7.36735	9.04082	6.62415	7.04082	3.37415	0.0408163	5.08082	7.04082	5.04082	9.04082	8.32082	5.20082	9.04082	6.04082	5.36735	5.73526	5.16582	6.04082	5.54082	6.04082	5.12245	5.55102	6.04082	5.22449	5.10332	5.08082	5.29082	6.04082	5.55102	6.04082	6.04082	6.04082	9.04082	7.04082	7.04082	10.0408	10.0408	3.73469	10.0408	8.04082	7.65306	9.04082	8.04082	7.04082	4.04082	7.04082	7.04082	0	7.04082	3.54082	5.12415	9.04082	8.36894	5.04082	3.48526	5.43144	5.40816	6.22449	
1	4	3.75	5	4.25	4	5.11111	4	5	4.44444	4	5	5	4	4.53061	0	5	5	4	5	5.64	4.30556	4	4.55556	5.11111	4	8.18367	3.40816	3.0625	0.326531	4	2.91667	0	5	7	4.04	0	4	4	4.08	4.16	4	5	4.32653	4.69444	4.125	5	4.5	5	4.08163	4.5102	5	4.18367	4.0625	4.04	4.25	5	4.5102	5	5	5	4	0	0	5	5	0.693878	5	7	2.04082	4	1	0	11	0	0	7.04082	0	3.5	3.41667	4	3.32812	0.333333	10.4444	4.39062	4.36735	5.18367	
1.625	3.5	0.875	4.5	3.75	3.5	4.61111	3.5	4.5	3.94444	3.5	4.5	4.5	1.75	4.03061	3.5	4.5	4.5	3.5	4.5	5.14	3.80556	3.5	3.05556	2.94444	2.83333	4.68367	0.979592	1.53125	3.82653	1.75	1.25	3.5	3.5	3.5	3.54	3.5	3.5	1.75	1.43	3.66	1.75	4.5	3.82653	4.19444	3.625	4.5	4	4.5	3.58163	4.0102	4.5	3.68367	3.5625	3.54	3.75	4.5	4.0102	4.5	4.5	4.5	1.75	3.5	3.5	2.75	2.75	2.19388	2.75	6.5	1.43367	1.75	4.5	3.5	7.25	3.5	3.5	3.54082	3.5	0	3.25	1.75	1.54688	2.625	6.69444	3.89062	3.86735	4.68367	
3.41667	0.0833333	2.5	1.08333	0.333333	0.0833333	1.19444	0.0833333	1.08333	0.527778	0.0833333	1.08333	1.08333	5.41667	0.613946	3.41667	1.08333	1.08333	0.0833333	1.08333	1.72333	0.388889	0.0833333	0.638889	2.41667	2.52778	4.26701	4.06293	4.72917	3.7432	5.41667	2.55556	3.41667	1.08333	5.08333	0.123333	3.41667	2.08333	5.41667	4.83	0.243333	5.41667	1.08333	0.409864	0.777778	0.208333	1.08333	0.583333	1.08333	0.164966	0.593537	1.08333	0.267007	0.145833	0.123333	0.333333	1.08333	0.593537	1.08333	1.08333	1.08333	5.41667	3.41667	3.41667	6.41667	6.41667	2.01531	6.41667	3.08333	4.02891	5.41667	4.41667	3.41667	7.08333	3.41667	3.41667	5.12415	3.41667	3.25	0	5.41667	4.49479	2.52778	6.52778	0.473958	0.45068	1.26701	
