-1	-1	-1	-1	-1	-1	-1	-1	-1	-1	-1	-1	-1	-1	-1	-1	-1	-1	-1	-1	-1	-1	-1	-1	-1	-1	-1	-1	-1	-1	-1	-1	-1	-1	-1	-1	-1	-1	-1	-1	-1	-1	-1	-1	-1	-1	-1	-1	-1	-1	-1	-1	-1	-1	-1	-1	-1	-1	-1	-1	-1	-1	-1	-1	-1	-1	-1	-1	-1	-1	-1	-1	-1	-1	-1	-1	-1	-1	-1	-1	-1	-1	-1	-1	-1	-1	-1	-1	-1	-1	-1	-1	-1	-1	-1	-1	
-1	0	1.21513e-05	0.00492126	-1	0.000984252	0.00351171	0.000639764	-1	-1	-1	0.000683508	-1	0.00116503	-1	-1	0.000867772	-1	0	-1	0.00492126	-1	0.00133858	-1	-1	-1	0.000984252	-1	0.000425715	0.00453242	-1	-1	-1	0.000546807	0.000110656	-1	-1	0.000319335	-1	0.000246063	0.00310121	0.00590551	0.00148642	2.73403e-05	0.000502169	-1	0.00399831	0.00161417	-1	0.000667014	0.00375766	-1	-1	0.00441909	0.000984252	-1	-1	-1	-1	0.00162827	2.00868e-05	-1	-1	0.00381649	0.000862237	-1	-1	-1	0.000984252	0.00580927	0.00246063	-1	0.00181054	-1	0.00381649	-1	-1	-1	0.00634296	-1	-1	0.000984252	-1	0.000984252	0.00370489	0.00273403	0.000582398	-1	-1	-1	-1	-1	-1	-1	-1	-1	
-1	1.21513e-05	0	0.00493341	-1	0.000996403	0.00352387	0.000476937	-1	-1	-1	0.000513391	-1	0.000958462	-1	-1	0.000694851	-1	1.21513e-05	-1	0.00493341	-1	0.00113201	-1	-1	-1	0.000777681	-1	0.000296339	0.00454457	-1	-1	-1	0.00048605	5.55075e-05	-1	-1	0.000214834	-1	0.000148853	0.00308353	0.00591766	0.00127985	3.03781e-06	0.00035809	-1	0.00401046	0.0014076	-1	0.000520094	0.00376981	-1	-1	0.00443124	0.000850588	-1	-1	-1	-1	0.00164042	9.91939e-07	-1	-1	0.00382864	0.000695434	-1	-1	-1	0.000777681	0.00582143	0.0024181	-1	0.00182269	-1	0.00382864	-1	-1	-1	0.00635511	-1	-1	0.000996403	-1	0.000777681	0.00371705	0.00274618	0.000426301	-1	-1	-1	-1	-1	-1	-1	-1	-1	
-1	0.00492126	0.00493341	0	-1	0.00590551	0.00515213	0.00556102	-1	-1	-1	0.00560477	-1	0.00608629	-1	-1	0.00548619	-1	0.00492126	-1	0	-1	0.00625984	-1	-1	-1	0.00590551	-1	0.00534697	0.00748518	-1	-1	-1	0.00546807	0.00503192	-1	-1	0.00484689	-1	0.00516732	0.00596449	0.00885827	0.00640768	0.0049486	0.00542343	-1	0.00695107	0.00653543	-1	0.00558827	0.00671041	-1	-1	0.00737185	0.00328084	-1	-1	-1	-1	0.0023938	0.00494135	-1	-1	0.00676924	0.0057835	-1	-1	-1	0.00590551	0.00876203	0.00639764	-1	0.0019199	-1	0.00676924	-1	-1	-1	0.0033902	-1	-1	0.00590551	-1	0.00590551	0.00665765	0.00148731	0.00550366	-1	-1	-1	-1	-1	-1	-1	-1	-1	
-1	-1	-1	-1	-1	-1	-1	-1	-1	-1	-1	-1	-1	-1	-1	-1	-1	-1	-1	-1	-1	-1	-1	-1	-1	-1	-1	-1	-1	-1	-1	-1	-1	-1	-1	-1	-1	-1	-1	-1	-1	-1	-1	-1	-1	-1	-1	-1	-1	-1	-1	-1	-1	-1	-1	-1	-1	-1	-1	-1	-1	-1	-1	-1	-1	-1	-1	-1	-1	-1	-1	-1	-1	-1	-1	-1	-1	-1	-1	-1	-1	-1	-1	-1	-1	-1	-1	-1	-1	-1	-1	-1	-1	-1	-1	-1	
-1	0.000984252	0.000996403	0.00590551	-1	0	0.00449597	0.00162402	-1	-1	-1	0.00166776	-1	0.00214928	-1	-1	0.00185202	-1	0.000984252	-1	0.00590551	-1	0.00232283	-1	-1	-1	0.0019685	-1	0.00140997	0.00551667	-1	-1	-1	0.00153106	0.00109491	-1	-1	0.00130359	-1	0.00123031	0.00408546	0.00688976	0.00247067	0.00101159	0.00148642	-1	0.00498256	0.00259843	-1	0.00165127	0.00474191	-1	-1	0.00540334	0.0019685	-1	-1	-1	-1	0.00261252	0.00100434	-1	-1	0.00480074	0.00184649	-1	-1	-1	0.0019685	0.00679353	0.00344488	-1	0.00279479	-1	0.00480074	-1	-1	-1	0.00732721	-1	-1	0	-1	0.0019685	0.00468915	0.00371829	0.00156665	-1	-1	-1	-1	-1	-1	-1	-1	-1	
-1	0.00351171	0.00352387	0.00515213	-1	0.00449597	0	0.00415148	-1	-1	-1	0.00419522	-1	0.00467675	-1	-1	0.00305033	-1	0.00351171	-1	0.00515213	-1	0.0048503	-1	-1	-1	0.00449597	-1	0.00393743	0.00257607	-1	-1	-1	0.00405852	0.00338682	-1	-1	0.00343735	-1	0.00375778	0.00014569	0.000777681	0.00499814	0.00353905	0.00401388	-1	0.00036294	0.00512589	-1	0.00417873	0.000744143	-1	-1	0.000650464	0.00405852	-1	-1	-1	-1	0.00167687	0.0035318	-1	-1	0.000727464	0.00437395	-1	-1	-1	0.00449597	0.000892875	0.00165257	-1	0.00267328	-1	0.000500929	-1	-1	-1	0.00854233	-1	-1	0.00449597	-1	0.00449597	0.00114445	0.00445222	0.00409411	-1	-1	-1	-1	-1	-1	-1	-1	-1	
-1	0.000639764	0.000476937	0.00556102	-1	0.00162402	0.00415148	0	-1	-1	-1	1.09361e-05	-1	0.000229994	-1	-1	0.00017501	-1	0.000639764	-1	0.00556102	-1	0.000403543	-1	-1	-1	4.92126e-05	-1	4.6488e-05	0.00517218	-1	-1	-1	0.000661636	0.000265865	-1	-1	0.000119204	-1	9.84252e-05	0.00352623	0.00654528	0.000551382	0.000404637	1.70738e-05	-1	0.00463807	0.000679134	-1	0.000161466	0.00439742	-1	-1	0.00505885	0.000574147	-1	-1	-1	-1	0.00226803	0.000434879	-1	-1	0.00445625	0.000213526	-1	-1	-1	4.92126e-05	0.00644904	0.00270669	-1	0.0024503	-1	0.00445625	-1	-1	-1	0.00698272	-1	-1	0.00162402	-1	4.92126e-05	0.00434466	0.0033738	1.07744e-05	-1	-1	-1	-1	-1	-1	-1	-1	-1	
-1	-1	-1	-1	-1	-1	-1	-1	-1	-1	-1	-1	-1	-1	-1	-1	-1	-1	-1	-1	-1	-1	-1	-1	-1	-1	-1	-1	-1	-1	-1	-1	-1	-1	-1	-1	-1	-1	-1	-1	-1	-1	-1	-1	-1	-1	-1	-1	-1	-1	-1	-1	-1	-1	-1	-1	-1	-1	-1	-1	-1	-1	-1	-1	-1	-1	-1	-1	-1	-1	-1	-1	-1	-1	-1	-1	-1	-1	-1	-1	-1	-1	-1	-1	-1	-1	-1	-1	-1	-1	-1	-1	-1	-1	-1	-1	
-1	-1	-1	-1	-1	-1	-1	-1	-1	-1	-1	-1	-1	-1	-1	-1	-1	-1	-1	-1	-1	-1	-1	-1	-1	-1	-1	-1	-1	-1	-1	-1	-1	-1	-1	-1	-1	-1	-1	-1	-1	-1	-1	-1	-1	-1	-1	-1	-1	-1	-1	-1	-1	-1	-1	-1	-1	-1	-1	-1	-1	-1	-1	-1	-1	-1	-1	-1	-1	-1	-1	-1	-1	-1	-1	-1	-1	-1	-1	-1	-1	-1	-1	-1	-1	-1	-1	-1	-1	-1	-1	-1	-1	-1	-1	-1	
-1	-1	-1	-1	-1	-1	-1	-1	-1	-1	-1	-1	-1	-1	-1	-1	-1	-1	-1	-1	-1	-1	-1	-1	-1	-1	-1	-1	-1	-1	-1	-1	-1	-1	-1	-1	-1	-1	-1	-1	-1	-1	-1	-1	-1	-1	-1	-1	-1	-1	-1	-1	-1	-1	-1	-1	-1	-1	-1	-1	-1	-1	-1	-1	-1	-1	-1	-1	-1	-1	-1	-1	-1	-1	-1	-1	-1	-1	-1	-1	-1	-1	-1	-1	-1	-1	-1	-1	-1	-1	-1	-1	-1	-1	-1	-1	
-1	0.000683508	0.000513391	0.00560477	-1	0.00166776	0.00419522	1.09361e-05	-1	-1	-1	0	-1	0.000208121	-1	-1	0.000163233	-1	0.000683508	-1	0.00560477	-1	0.000381671	-1	-1	-1	2.73403e-05	-1	4.77746e-05	0.00521593	-1	-1	-1	0.000683508	0.000289419	-1	-1	0.000127953	-1	0.000109361	0.00356102	0.00658902	0.00052951	0.000437445	1.39491e-05	-1	0.00468182	0.000657262	-1	0.000157489	0.00444116	-1	-1	0.0051026	0.000574147	-1	-1	-1	-1	0.00231178	0.000469249	-1	-1	0.0045	0.000203584	-1	-1	-1	2.73403e-05	0.00649278	0.00273403	-1	0.00249405	-1	0.0045	-1	-1	-1	0.00702647	-1	-1	0.00166776	-1	2.73403e-05	0.0043884	0.00341754	4.04443e-06	-1	-1	-1	-1	-1	-1	-1	-1	-1	
-1	-1	-1	-1	-1	-1	-1	-1	-1	-1	-1	-1	-1	-1	-1	-1	-1	-1	-1	-1	-1	-1	-1	-1	-1	-1	-1	-1	-1	-1	-1	-1	-1	-1	-1	-1	-1	-1	-1	-1	-1	-1	-1	-1	-1	-1	-1	-1	-1	-1	-1	-1	-1	-1	-1	-1	-1	-1	-1	-1	-1	-1	-1	-1	-1	-1	-1	-1	-1	-1	-1	-1	-1	-1	-1	-1	-1	-1	-1	-1	-1	-1	-1	-1	-1	-1	-1	-1	-1	-1	-1	-1	-1	-1	-1	-1	
-1	0.00116503	0.000958462	0.00608629	-1	0.00214928	0.00467675	0.000229994	-1	-1	-1	0.000208121	-1	0	-1	-1	0.000367148	-1	0.00116503	-1	0.00608629	-1	0.000535112	-1	-1	-1	0.000180781	-1	0.00031701	0.00569745	-1	-1	-1	0.00105567	0.000669995	-1	-1	0.000434499	-1	0.000426844	0.00399781	0.00707054	8.03471e-05	0.000864289	0.000261128	-1	0.00516334	0.000810702	-1	0.000400407	0.00492269	-1	-1	0.00558412	0.000836949	-1	-1	-1	-1	0.0027933	0.000903905	-1	-1	0.00498152	3.32013e-05	-1	-1	-1	0.000180781	0.00697431	0.00313354	-1	0.00297557	-1	0.00498152	-1	-1	-1	0.00750799	-1	-1	0.00214928	-1	0.000180781	0.00486993	0.00389907	0.000233197	-1	-1	-1	-1	-1	-1	-1	-1	-1	
-1	-1	-1	-1	-1	-1	-1	-1	-1	-1	-1	-1	-1	-1	-1	-1	-1	-1	-1	-1	-1	-1	-1	-1	-1	-1	-1	-1	-1	-1	-1	-1	-1	-1	-1	-1	-1	-1	-1	-1	-1	-1	-1	-1	-1	-1	-1	-1	-1	-1	-1	-1	-1	-1	-1	-1	-1	-1	-1	-1	-1	-1	-1	-1	-1	-1	-1	-1	-1	-1	-1	-1	-1	-1	-1	-1	-1	-1	-1	-1	-1	-1	-1	-1	-1	-1	-1	-1	-1	-1	-1	-1	-1	-1	-1	-1	
-1	-1	-1	-1	-1	-1	-1	-1	-1	-1	-1	-1	-1	-1	-1	-1	-1	-1	-1	-1	-1	-1	-1	-1	-1	-1	-1	-1	-1	-1	-1	-1	-1	-1	-1	-1	-1	-1	-1	-1	-1	-1	-1	-1	-1	-1	-1	-1	-1	-1	-1	-1	-1	-1	-1	-1	-1	-1	-1	-1	-1	-1	-1	-1	-1	-1	-1	-1	-1	-1	-1	-1	-1	-1	-1	-1	-1	-1	-1	-1	-1	-1	-1	-1	-1	-1	-1	-1	-1	-1	-1	-1	-1	-1	-1	-1	
-1	0.000867772	0.000694851	0.00548619	-1	0.00185202	0.00305033	0.00017501	-1	-1	-1	0.000163233	-1	0.000367148	-1	-1	0	-1	0.000867772	-1	0.00548619	-1	0.000540698	-1	-1	-1	0.000186367	-1	0.000215709	0.00449165	-1	-1	-1	0.00085936	0.000419326	-1	-1	0.000238188	-1	0.000281007	0.00244786	0.0049562	0.000688537	0.000617503	0.000180187	-1	0.00347655	0.000816288	-1	0.000323399	0.00341404	-1	-1	0.00385916	0.000741586	-1	-1	-1	-1	0.00189035	0.000649908	-1	-1	0.00345124	0.000367199	-1	-1	-1	0.000186367	0.00492054	0.00200345	-1	0.00227451	-1	0.00338634	-1	-1	-1	0.00721073	-1	-1	0.00185202	-1	0.000186367	0.00349107	0.00346048	0.000168895	-1	-1	-1	-1	-1	-1	-1	-1	-1	
-1	-1	-1	-1	-1	-1	-1	-1	-1	-1	-1	-1	-1	-1	-1	-1	-1	-1	-1	-1	-1	-1	-1	-1	-1	-1	-1	-1	-1	-1	-1	-1	-1	-1	-1	-1	-1	-1	-1	-1	-1	-1	-1	-1	-1	-1	-1	-1	-1	-1	-1	-1	-1	-1	-1	-1	-1	-1	-1	-1	-1	-1	-1	-1	-1	-1	-1	-1	-1	-1	-1	-1	-1	-1	-1	-1	-1	-1	-1	-1	-1	-1	-1	-1	-1	-1	-1	-1	-1	-1	-1	-1	-1	-1	-1	-1	
-1	0	1.21513e-05	0.00492126	-1	0.000984252	0.00351171	0.000639764	-1	-1	-1	0.000683508	-1	0.00116503	-1	-1	0.000867772	-1	0	-1	0.00492126	-1	0.00133858	-1	-1	-1	0.000984252	-1	0.000425715	0.00453242	-1	-1	-1	0.000546807	0.000110656	-1	-1	0.000319335	-1	0.000246063	0.00310121	0.00590551	0.00148642	2.73403e-05	0.000502169	-1	0.00399831	0.00161417	-1	0.000667014	0.00375766	-1	-1	0.00441909	0.000984252	-1	-1	-1	-1	0.00162827	2.00868e-05	-1	-1	0.00381649	0.000862237	-1	-1	-1	0.000984252	0.00580927	0.00246063	-1	0.00181054	-1	0.00381649	-1	-1	-1	0.00634296	-1	-1	0.000984252	-1	0.000984252	0.00370489	0.00273403	0.000582398	-1	-1	-1	-1	-1	-1	-1	-1	-1	
-1	-1	-1	-1	-1	-1	-1	-1	-1	-1	-1	-1	-1	-1	-1	-1	-1	-1	-1	-1	-1	-1	-1	-1	-1	-1	-1	-1	-1	-1	-1	-1	-1	-1	-1	-1	-1	-1	-1	-1	-1	-1	-1	-1	-1	-1	-1	-1	-1	-1	-1	-1	-1	-1	-1	-1	-1	-1	-1	-1	-1	-1	-1	-1	-1	-1	-1	-1	-1	-1	-1	-1	-1	-1	-1	-1	-1	-1	-1	-1	-1	-1	-1	-1	-1	-1	-1	-1	-1	-1	-1	-1	-1	-1	-1	-1	
-1	0.00492126	0.00493341	0	-1	0.00590551	0.00515213	0.00556102	-1	-1	-1	0.00560477	-1	0.00608629	-1	-1	0.00548619	-1	0.00492126	-1	0	-1	0.00625984	-1	-1	-1	0.00590551	-1	0.00534697	0.00748518	-1	-1	-1	0.00546807	0.00503192	-1	-1	0.00484689	-1	0.00516732	0.00596449	0.00885827	0.00640768	0.0049486	0.00542343	-1	0.00695107	0.00653543	-1	0.00558827	0.00671041	-1	-1	0.00737185	0.00328084	-1	-1	-1	-1	0.0023938	0.00494135	-1	-1	0.00676924	0.0057835	-1	-1	-1	0.00590551	0.00876203	0.00639764	-1	0.0019199	-1	0.00676924	-1	-1	-1	0.0033902	-1	-1	0.00590551	-1	0.00590551	0.00665765	0.00148731	0.00550366	-1	-1	-1	-1	-1	-1	-1	-1	-1	
-1	-1	-1	-1	-1	-1	-1	-1	-1	-1	-1	-1	-1	-1	-1	-1	-1	-1	-1	-1	-1	-1	-1	-1	-1	-1	-1	-1	-1	-1	-1	-1	-1	-1	-1	-1	-1	-1	-1	-1	-1	-1	-1	-1	-1	-1	-1	-1	-1	-1	-1	-1	-1	-1	-1	-1	-1	-1	-1	-1	-1	-1	-1	-1	-1	-1	-1	-1	-1	-1	-1	-1	-1	-1	-1	-1	-1	-1	-1	-1	-1	-1	-1	-1	-1	-1	-1	-1	-1	-1	-1	-1	-1	-1	-1	-1	
-1	0.00133858	0.00113201	0.00625984	-1	0.00232283	0.0048503	0.000403543	-1	-1	-1	0.000381671	-1	0.000535112	-1	-1	0.000540698	-1	0.00133858	-1	0.00625984	-1	0	-1	-1	-1	0.000354331	-1	0.000490559	0.005871	-1	-1	-1	0.00122922	0.000843545	-1	-1	0.000608049	-1	0.000600394	0.00417136	0.00724409	0.0008565	0.00103784	0.000434678	-1	0.00533689	3.93701e-05	-1	0.000144465	0.00509624	-1	-1	0.00575767	0.0010105	-1	-1	-1	-1	0.00296685	0.00107745	-1	-1	0.00515507	0.000590226	-1	-1	-1	0.000354331	0.00714786	0.00330709	-1	0.00314912	-1	0.00515507	-1	-1	-1	0.00768154	-1	-1	0.00232283	-1	0.000354331	0.00504348	0.00407262	0.000406746	-1	-1	-1	-1	-1	-1	-1	-1	-1	
-1	-1	-1	-1	-1	-1	-1	-1	-1	-1	-1	-1	-1	-1	-1	-1	-1	-1	-1	-1	-1	-1	-1	-1	-1	-1	-1	-1	-1	-1	-1	-1	-1	-1	-1	-1	-1	-1	-1	-1	-1	-1	-1	-1	-1	-1	-1	-1	-1	-1	-1	-1	-1	-1	-1	-1	-1	-1	-1	-1	-1	-1	-1	-1	-1	-1	-1	-1	-1	-1	-1	-1	-1	-1	-1	-1	-1	-1	-1	-1	-1	-1	-1	-1	-1	-1	-1	-1	-1	-1	-1	-1	-1	-1	-1	-1	
-1	-1	-1	-1	-1	-1	-1	-1	-1	-1	-1	-1	-1	-1	-1	-1	-1	-1	-1	-1	-1	-1	-1	-1	-1	-1	-1	-1	-1	-1	-1	-1	-1	-1	-1	-1	-1	-1	-1	-1	-1	-1	-1	-1	-1	-1	-1	-1	-1	-1	-1	-1	-1	-1	-1	-1	-1	-1	-1	-1	-1	-1	-1	-1	-1	-1	-1	-1	-1	-1	-1	-1	-1	-1	-1	-1	-1	-1	-1	-1	-1	-1	-1	-1	-1	-1	-1	-1	-1	-1	-1	-1	-1	-1	-1	-1	
-1	-1	-1	-1	-1	-1	-1	-1	-1	-1	-1	-1	-1	-1	-1	-1	-1	-1	-1	-1	-1	-1	-1	-1	-1	-1	-1	-1	-1	-1	-1	-1	-1	-1	-1	-1	-1	-1	-1	-1	-1	-1	-1	-1	-1	-1	-1	-1	-1	-1	-1	-1	-1	-1	-1	-1	-1	-1	-1	-1	-1	-1	-1	-1	-1	-1	-1	-1	-1	-1	-1	-1	-1	-1	-1	-1	-1	-1	-1	-1	-1	-1	-1	-1	-1	-1	-1	-1	-1	-1	-1	-1	-1	-1	-1	-1	
-1	0.000984252	0.000777681	0.00590551	-1	0.0019685	0.00449597	4.92126e-05	-1	-1	-1	2.73403e-05	-1	0.000180781	-1	-1	0.000186367	-1	0.000984252	-1	0.00590551	-1	0.000354331	-1	-1	-1	0	-1	0.000136229	0.00551667	-1	-1	-1	0.000874891	0.000489214	-1	-1	0.000253718	-1	0.000246063	0.00381703	0.00688976	0.000502169	0.000683508	8.03471e-05	-1	0.00498256	0.000629921	-1	0.000219626	0.00474191	-1	-1	0.00540334	0.000656168	-1	-1	-1	-1	0.00261252	0.000723124	-1	-1	0.00480074	0.000235895	-1	-1	-1	0	0.00679353	0.00295276	-1	0.00279479	-1	0.00480074	-1	-1	-1	0.00732721	-1	-1	0.0019685	-1	0	0.00468915	0.00371829	5.24158e-05	-1	-1	-1	-1	-1	-1	-1	-1	-1	
-1	-1	-1	-1	-1	-1	-1	-1	-1	-1	-1	-1	-1	-1	-1	-1	-1	-1	-1	-1	-1	-1	-1	-1	-1	-1	-1	-1	-1	-1	-1	-1	-1	-1	-1	-1	-1	-1	-1	-1	-1	-1	-1	-1	-1	-1	-1	-1	-1	-1	-1	-1	-1	-1	-1	-1	-1	-1	-1	-1	-1	-1	-1	-1	-1	-1	-1	-1	-1	-1	-1	-1	-1	-1	-1	-1	-1	-1	-1	-1	-1	-1	-1	-1	-1	-1	-1	-1	-1	-1	-1	-1	-1	-1	-1	-1	
-1	0.000425715	0.000296339	0.00534697	-1	0.00140997	0.00393743	4.6488e-05	-1	-1	-1	4.77746e-05	-1	0.00031701	-1	-1	0.000215709	-1	0.000425715	-1	0.00534697	-1	0.000490559	-1	-1	-1	0.000136229	-1	0	0.00495813	-1	-1	-1	0.000547942	0.000144451	-1	-1	6.57228e-05	-1	3.49086e-05	0.00335323	0.00633123	0.000638398	0.000240765	1.80711e-05	-1	0.00442403	0.00076615	-1	0.000166373	0.00418337	-1	-1	0.0048448	0.000560808	-1	-1	-1	-1	0.00205398	0.000263839	-1	-1	0.0042422	0.000245803	-1	-1	-1	0.000136229	0.00623499	0.00256791	-1	0.00223625	-1	0.0042422	-1	-1	-1	0.00676867	-1	-1	0.00140997	-1	0.000136229	0.00413061	0.00315975	2.83138e-05	-1	-1	-1	-1	-1	-1	-1	-1	-1	
-1	0.00453242	0.00454457	0.00748518	-1	0.00551667	0.00257607	0.00517218	-1	-1	-1	0.00521593	-1	0.00569745	-1	-1	0.00449165	-1	0.00453242	-1	0.00748518	-1	0.005871	-1	-1	-1	0.00551667	-1	0.00495813	0	-1	-1	-1	0.00507923	0.00434023	-1	-1	0.00445805	-1	0.00477848	0.0029808	0.00453242	0.00601884	0.00455976	0.00503459	-1	0.00169886	0.00614659	-1	0.00519943	0.00107223	-1	-1	0.00220235	0.00551667	-1	-1	-1	-1	0.00419218	0.00455251	-1	-1	0.00117793	0.00539466	-1	-1	-1	0.00551667	0.00430495	0.00404029	-1	0.00503062	-1	0.00131854	-1	-1	-1	0.0108754	-1	-1	0.00551667	-1	0.00551667	0.000738251	0.00621658	0.00511482	-1	-1	-1	-1	-1	-1	-1	-1	-1	
-1	-1	-1	-1	-1	-1	-1	-1	-1	-1	-1	-1	-1	-1	-1	-1	-1	-1	-1	-1	-1	-1	-1	-1	-1	-1	-1	-1	-1	-1	-1	-1	-1	-1	-1	-1	-1	-1	-1	-1	-1	-1	-1	-1	-1	-1	-1	-1	-1	-1	-1	-1	-1	-1	-1	-1	-1	-1	-1	-1	-1	-1	-1	-1	-1	-1	-1	-1	-1	-1	-1	-1	-1	-1	-1	-1	-1	-1	-1	-1	-1	-1	-1	-1	-1	-1	-1	-1	-1	-1	-1	-1	-1	-1	-1	-1	
-1	-1	-1	-1	-1	-1	-1	-1	-1	-1	-1	-1	-1	-1	-1	-1	-1	-1	-1	-1	-1	-1	-1	-1	-1	-1	-1	-1	-1	-1	-1	-1	-1	-1	-1	-1	-1	-1	-1	-1	-1	-1	-1	-1	-1	-1	-1	-1	-1	-1	-1	-1	-1	-1	-1	-1	-1	-1	-1	-1	-1	-1	-1	-1	-1	-1	-1	-1	-1	-1	-1	-1	-1	-1	-1	-1	-1	-1	-1	-1	-1	-1	-1	-1	-1	-1	-1	-1	-1	-1	-1	-1	-1	-1	-1	-1	
-1	-1	-1	-1	-1	-1	-1	-1	-1	-1	-1	-1	-1	-1	-1	-1	-1	-1	-1	-1	-1	-1	-1	-1	-1	-1	-1	-1	-1	-1	-1	-1	-1	-1	-1	-1	-1	-1	-1	-1	-1	-1	-1	-1	-1	-1	-1	-1	-1	-1	-1	-1	-1	-1	-1	-1	-1	-1	-1	-1	-1	-1	-1	-1	-1	-1	-1	-1	-1	-1	-1	-1	-1	-1	-1	-1	-1	-1	-1	-1	-1	-1	-1	-1	-1	-1	-1	-1	-1	-1	-1	-1	-1	-1	-1	-1	
-1	0.000546807	0.00048605	0.00546807	-1	0.00153106	0.00405852	0.000661636	-1	-1	-1	0.000683508	-1	0.00105567	-1	-1	0.00085936	-1	0.000546807	-1	0.00546807	-1	0.00122922	-1	-1	-1	0.000874891	-1	0.000547942	0.00507923	-1	-1	-1	0	0.000455564	-1	-1	0.000516185	-1	0.000464786	0.00355854	0.00645232	0.00137706	0.000464786	0.000580285	-1	0.00454512	0.00150481	-1	0.000736607	0.00430446	-1	-1	0.0049659	0.00109361	-1	-1	-1	-1	0.00217508	0.000473155	-1	-1	0.00436329	0.000872179	-1	-1	-1	0.000874891	0.00635608	0.00284339	-1	0.00235734	-1	0.00436329	-1	-1	-1	0.00688976	-1	-1	0.00153106	-1	0.000874891	0.0042517	0.00328084	0.00062446	-1	-1	-1	-1	-1	-1	-1	-1	-1	
-1	0.000110656	5.55075e-05	0.00503192	-1	0.00109491	0.00338682	0.000265865	-1	-1	-1	0.000289419	-1	0.000669995	-1	-1	0.000419326	-1	0.000110656	-1	0.00503192	-1	0.000843545	-1	-1	-1	0.000489214	-1	0.000144451	0.00434023	-1	-1	-1	0.000455564	0	-1	-1	0.000106954	-1	5.38718e-05	0.00292278	0.00571332	0.000991383	3.7047e-05	0.000180187	-1	0.00380612	0.00111914	-1	0.000337165	0.00356546	-1	-1	0.0042269	0.000691112	-1	-1	-1	-1	0.00163798	4.42147e-05	-1	-1	0.0036243	0.000477325	-1	-1	-1	0.000489214	0.00561708	0.00226844	-1	0.00185389	-1	0.0036243	-1	-1	-1	0.00645361	-1	-1	0.00109491	-1	0.000489214	0.0035127	0.00280431	0.000227135	-1	-1	-1	-1	-1	-1	-1	-1	-1	
-1	-1	-1	-1	-1	-1	-1	-1	-1	-1	-1	-1	-1	-1	-1	-1	-1	-1	-1	-1	-1	-1	-1	-1	-1	-1	-1	-1	-1	-1	-1	-1	-1	-1	-1	-1	-1	-1	-1	-1	-1	-1	-1	-1	-1	-1	-1	-1	-1	-1	-1	-1	-1	-1	-1	-1	-1	-1	-1	-1	-1	-1	-1	-1	-1	-1	-1	-1	-1	-1	-1	-1	-1	-1	-1	-1	-1	-1	-1	-1	-1	-1	-1	-1	-1	-1	-1	-1	-1	-1	-1	-1	-1	-1	-1	-1	
-1	-1	-1	-1	-1	-1	-1	-1	-1	-1	-1	-1	-1	-1	-1	-1	-1	-1	-1	-1	-1	-1	-1	-1	-1	-1	-1	-1	-1	-1	-1	-1	-1	-1	-1	-1	-1	-1	-1	-1	-1	-1	-1	-1	-1	-1	-1	-1	-1	-1	-1	-1	-1	-1	-1	-1	-1	-1	-1	-1	-1	-1	-1	-1	-1	-1	-1	-1	-1	-1	-1	-1	-1	-1	-1	-1	-1	-1	-1	-1	-1	-1	-1	-1	-1	-1	-1	-1	-1	-1	-1	-1	-1	-1	-1	-1	
-1	0.000319335	0.000214834	0.00484689	-1	0.00130359	0.00343735	0.000119204	-1	-1	-1	0.000127953	-1	0.000434499	-1	-1	0.000238188	-1	0.000319335	-1	0.00484689	-1	0.000608049	-1	-1	-1	0.000253718	-1	6.57228e-05	0.00445805	-1	-1	-1	0.000516185	0.000106954	-1	-1	0	-1	4.04637e-05	0.00293736	0.00583115	0.000755888	0.000171697	7.15982e-05	-1	0.00392395	0.00088364	-1	0.000222808	0.00368329	-1	-1	0.00434472	0.000603675	-1	-1	-1	-1	0.00181637	0.000189441	-1	-1	0.00374212	0.000322589	-1	-1	-1	0.000253718	0.00573491	0.00232065	-1	0.00204238	-1	0.00374212	-1	-1	-1	0.00666229	-1	-1	0.00130359	-1	0.000253718	0.00363053	0.00297463	9.41413e-05	-1	-1	-1	-1	-1	-1	-1	-1	-1	
-1	-1	-1	-1	-1	-1	-1	-1	-1	-1	-1	-1	-1	-1	-1	-1	-1	-1	-1	-1	-1	-1	-1	-1	-1	-1	-1	-1	-1	-1	-1	-1	-1	-1	-1	-1	-1	-1	-1	-1	-1	-1	-1	-1	-1	-1	-1	-1	-1	-1	-1	-1	-1	-1	-1	-1	-1	-1	-1	-1	-1	-1	-1	-1	-1	-1	-1	-1	-1	-1	-1	-1	-1	-1	-1	-1	-1	-1	-1	-1	-1	-1	-1	-1	-1	-1	-1	-1	-1	-1	-1	-1	-1	-1	-1	-1	
-1	0.000246063	0.000148853	0.00516732	-1	0.00123031	0.00375778	9.84252e-05	-1	-1	-1	0.000109361	-1	0.000426844	-1	-1	0.000281007	-1	0.000246063	-1	0.00516732	-1	0.000600394	-1	-1	-1	0.000246063	-1	3.49086e-05	0.00477848	-1	-1	-1	0.000464786	5.38718e-05	-1	-1	4.04637e-05	-1	0	0.00321305	0.00615157	0.000748232	0.000109361	4.51952e-05	-1	0.00424437	0.000875984	-1	0.000197257	0.00400372	-1	-1	0.00466515	0.000574147	-1	-1	-1	-1	0.00187433	0.000125542	-1	-1	0.00406255	0.000303003	-1	-1	-1	0.000246063	0.00605534	0.00246063	-1	0.0020566	-1	0.00406255	-1	-1	-1	0.00658902	-1	-1	0.00123031	-1	0.000246063	0.00395096	0.0029801	7.13437e-05	-1	-1	-1	-1	-1	-1	-1	-1	-1	
-1	0.00310121	0.00308353	0.00596449	-1	0.00408546	0.00014569	0.00352623	-1	-1	-1	0.00356102	-1	0.00399781	-1	-1	0.00244786	-1	0.00310121	-1	0.00596449	-1	0.00417136	-1	-1	-1	0.00381703	-1	0.00335323	0.0029808	-1	-1	-1	0.00355854	0.00292278	-1	-1	0.00293736	-1	0.00321305	0	0.000595838	0.0043192	0.00308381	0.00341164	-1	0.000457133	0.00444695	-1	0.003573	0.000953351	-1	-1	0.000720011	0.0037872	-1	-1	-1	-1	0.00176678	0.00308295	-1	-1	0.000922705	0.00374382	-1	-1	-1	0.00381703	0.000750137	0.00128929	-1	0.00284382	-1	0.000654273	-1	-1	-1	0.00899678	-1	-1	0.00408546	-1	0.00381703	0.00143745	0.00485695	0.00347712	-1	-1	-1	-1	-1	-1	-1	-1	-1	
-1	0.00590551	0.00591766	0.00885827	-1	0.00688976	0.000777681	0.00654528	-1	-1	-1	0.00658902	-1	0.00707054	-1	-1	0.0049562	-1	0.00590551	-1	0.00885827	-1	0.00724409	-1	-1	-1	0.00688976	-1	0.00633123	0.00453242	-1	-1	-1	0.00645232	0.00571332	-1	-1	0.00583115	-1	0.00615157	0.000595838	0	0.00739193	0.00593285	0.00640768	-1	0.000871863	0.00751969	-1	0.00657253	0.00178915	-1	-1	0.00104451	0.00688976	-1	-1	-1	-1	0.00359677	0.0059256	-1	-1	0.00170738	0.00676775	-1	-1	-1	0.00688976	0.000297463	0.00246063	-1	0.00509138	-1	0.00128555	-1	-1	-1	0.0122485	-1	-1	0.00688976	-1	0.00688976	0.00258003	0.00772091	0.00648791	-1	-1	-1	-1	-1	-1	-1	-1	-1	
-1	0.00148642	0.00127985	0.00640768	-1	0.00247067	0.00499814	0.000551382	-1	-1	-1	0.00052951	-1	8.03471e-05	-1	-1	0.000688537	-1	0.00148642	-1	0.00640768	-1	0.0008565	-1	-1	-1	0.000502169	-1	0.000638398	0.00601884	-1	-1	-1	0.00137706	0.000991383	-1	-1	0.000755888	-1	0.000748232	0.0043192	0.00739193	0	0.00118568	0.000582516	-1	0.00548473	0.00113209	-1	0.000721796	0.00524408	-1	-1	0.00590551	0.00115834	-1	-1	-1	-1	0.00311469	0.00122529	-1	-1	0.00530291	9.89398e-05	-1	-1	-1	0.000502169	0.0072957	0.00345493	-1	0.00329696	-1	0.00530291	-1	-1	-1	0.00782938	-1	-1	0.00247067	-1	0.000502169	0.00519132	0.00422045	0.000554585	-1	-1	-1	-1	-1	-1	-1	-1	-1	
-1	2.73403e-05	3.03781e-06	0.0049486	-1	0.00101159	0.00353905	0.000404637	-1	-1	-1	0.000437445	-1	0.000864289	-1	-1	0.000617503	-1	2.73403e-05	-1	0.0049486	-1	0.00103784	-1	-1	-1	0.000683508	-1	0.000240765	0.00455976	-1	-1	-1	0.000464786	3.7047e-05	-1	-1	0.000171697	-1	0.000109361	0.00308381	0.00593285	0.00118568	0	0.000295164	-1	0.00402565	0.00131343	-1	0.000455748	0.003785	-1	-1	0.00444643	0.00079287	-1	-1	-1	-1	0.00165561	5.57966e-07	-1	-1	0.00384383	0.000621145	-1	-1	-1	0.000683508	0.00583661	0.00240595	-1	0.00183788	-1	0.00384383	-1	-1	-1	0.0063703	-1	-1	0.00101159	-1	0.000683508	0.00373223	0.00276137	0.000357366	-1	-1	-1	-1	-1	-1	-1	-1	-1	
-1	0.000502169	0.00035809	0.00542343	-1	0.00148642	0.00401388	1.70738e-05	-1	-1	-1	1.39491e-05	-1	0.000261128	-1	-1	0.000180187	-1	0.000502169	-1	0.00542343	-1	0.000434678	-1	-1	-1	8.03471e-05	-1	1.80711e-05	0.00503459	-1	-1	-1	0.000580285	0.000180187	-1	-1	7.15982e-05	-1	4.51952e-05	0.00341164	0.00640768	0.000582516	0.000295164	0	-1	0.00450048	0.000710268	-1	0.000146584	0.00425982	-1	-1	0.00492126	0.000549039	-1	-1	-1	-1	0.00213044	0.000321388	-1	-1	0.00431866	0.000213982	-1	-1	-1	8.03471e-05	0.00631144	0.00261128	-1	0.00231271	-1	0.00431866	-1	-1	-1	0.00684513	-1	-1	0.00148642	-1	8.03471e-05	0.00420706	0.0032362	2.97142e-06	-1	-1	-1	-1	-1	-1	-1	-1	-1	
-1	-1	-1	-1	-1	-1	-1	-1	-1	-1	-1	-1	-1	-1	-1	-1	-1	-1	-1	-1	-1	-1	-1	-1	-1	-1	-1	-1	-1	-1	-1	-1	-1	-1	-1	-1	-1	-1	-1	-1	-1	-1	-1	-1	-1	-1	-1	-1	-1	-1	-1	-1	-1	-1	-1	-1	-1	-1	-1	-1	-1	-1	-1	-1	-1	-1	-1	-1	-1	-1	-1	-1	-1	-1	-1	-1	-1	-1	-1	-1	-1	-1	-1	-1	-1	-1	-1	-1	-1	-1	-1	-1	-1	-1	-1	-1	
-1	0.00399831	0.00401046	0.00695107	-1	0.00498256	0.00036294	0.00463807	-1	-1	-1	0.00468182	-1	0.00516334	-1	-1	0.00347655	-1	0.00399831	-1	0.00695107	-1	0.00533689	-1	-1	-1	0.00498256	-1	0.00442403	0.00169886	-1	-1	-1	0.00454512	0.00380612	-1	-1	0.00392395	-1	0.00424437	0.000457133	0.000871863	0.00548473	0.00402565	0.00450048	-1	0	0.00561248	-1	0.00466532	0.000190735	-1	-1	0.000328339	0.00498256	-1	-1	-1	-1	0.00261593	0.0040184	-1	-1	0.000197184	0.00486055	-1	-1	-1	0.00498256	0.000922298	0.00194296	-1	0.00380175	-1	4.00345e-05	-1	-1	-1	0.0103413	-1	-1	0.00498256	-1	0.00498256	0.000452273	0.00575195	0.00458071	-1	-1	-1	-1	-1	-1	-1	-1	-1	
-1	0.00161417	0.0014076	0.00653543	-1	0.00259843	0.00512589	0.000679134	-1	-1	-1	0.000657262	-1	0.000810702	-1	-1	0.000816288	-1	0.00161417	-1	0.00653543	-1	3.93701e-05	-1	-1	-1	0.000629921	-1	0.00076615	0.00614659	-1	-1	-1	0.00150481	0.00111914	-1	-1	0.00088364	-1	0.000875984	0.00444695	0.00751969	0.00113209	0.00131343	0.000710268	-1	0.00561248	0	-1	0.000276892	0.00537183	-1	-1	0.00603326	0.00128609	-1	-1	-1	-1	0.00324244	0.00135305	-1	-1	0.00543066	0.000865816	-1	-1	-1	0.000629921	0.00742345	0.00358268	-1	0.00342471	-1	0.00543066	-1	-1	-1	0.00795713	-1	-1	0.00259843	-1	0.000629921	0.00531907	0.00434821	0.000682337	-1	-1	-1	-1	-1	-1	-1	-1	-1	
-1	-1	-1	-1	-1	-1	-1	-1	-1	-1	-1	-1	-1	-1	-1	-1	-1	-1	-1	-1	-1	-1	-1	-1	-1	-1	-1	-1	-1	-1	-1	-1	-1	-1	-1	-1	-1	-1	-1	-1	-1	-1	-1	-1	-1	-1	-1	-1	-1	-1	-1	-1	-1	-1	-1	-1	-1	-1	-1	-1	-1	-1	-1	-1	-1	-1	-1	-1	-1	-1	-1	-1	-1	-1	-1	-1	-1	-1	-1	-1	-1	-1	-1	-1	-1	-1	-1	-1	-1	-1	-1	-1	-1	-1	-1	-1	
-1	0.000667014	0.000520094	0.00558827	-1	0.00165127	0.00417873	0.000161466	-1	-1	-1	0.000157489	-1	0.000400407	-1	-1	0.000323399	-1	0.000667014	-1	0.00558827	-1	0.000144465	-1	-1	-1	0.000219626	-1	0.000166373	0.00519943	-1	-1	-1	0.000736607	0.000337165	-1	-1	0.000222808	-1	0.000197257	0.003573	0.00657253	0.000721796	0.000455748	0.000146584	-1	0.00466532	0.000276892	-1	0	0.00442467	-1	-1	0.0050861	0.00069684	-1	-1	-1	-1	0.00229528	0.000482581	-1	-1	0.0044835	0.00035791	-1	-1	-1	0.000219626	0.00647629	0.00276973	-1	0.00247755	-1	0.0044835	-1	-1	-1	0.00700997	-1	-1	0.00165127	-1	0.000219626	0.00437191	0.00340105	0.00014815	-1	-1	-1	-1	-1	-1	-1	-1	-1	
-1	0.00375766	0.00376981	0.00671041	-1	0.00474191	0.000744143	0.00439742	-1	-1	-1	0.00444116	-1	0.00492269	-1	-1	0.00341404	-1	0.00375766	-1	0.00671041	-1	0.00509624	-1	-1	-1	0.00474191	-1	0.00418337	0.00107223	-1	-1	-1	0.00430446	0.00356546	-1	-1	0.00368329	-1	0.00400372	0.000953351	0.00178915	0.00524408	0.003785	0.00425982	-1	0.000190735	0.00537183	-1	0.00442467	0	-1	-1	0.000583945	0.00474191	-1	-1	-1	-1	0.00276125	0.00377774	-1	-1	9.4631e-06	0.00461989	-1	-1	-1	0.00474191	0.00173666	0.00228128	-1	0.00381841	-1	7.50799e-05	-1	-1	-1	0.0101006	-1	-1	0.00474191	-1	0.00474191	0.000119717	0.00548556	0.00434005	-1	-1	-1	-1	-1	-1	-1	-1	-1	
-1	-1	-1	-1	-1	-1	-1	-1	-1	-1	-1	-1	-1	-1	-1	-1	-1	-1	-1	-1	-1	-1	-1	-1	-1	-1	-1	-1	-1	-1	-1	-1	-1	-1	-1	-1	-1	-1	-1	-1	-1	-1	-1	-1	-1	-1	-1	-1	-1	-1	-1	-1	-1	-1	-1	-1	-1	-1	-1	-1	-1	-1	-1	-1	-1	-1	-1	-1	-1	-1	-1	-1	-1	-1	-1	-1	-1	-1	-1	-1	-1	-1	-1	-1	-1	-1	-1	-1	-1	-1	-1	-1	-1	-1	-1	-1	
-1	-1	-1	-1	-1	-1	-1	-1	-1	-1	-1	-1	-1	-1	-1	-1	-1	-1	-1	-1	-1	-1	-1	-1	-1	-1	-1	-1	-1	-1	-1	-1	-1	-1	-1	-1	-1	-1	-1	-1	-1	-1	-1	-1	-1	-1	-1	-1	-1	-1	-1	-1	-1	-1	-1	-1	-1	-1	-1	-1	-1	-1	-1	-1	-1	-1	-1	-1	-1	-1	-1	-1	-1	-1	-1	-1	-1	-1	-1	-1	-1	-1	-1	-1	-1	-1	-1	-1	-1	-1	-1	-1	-1	-1	-1	-1	
-1	0.00441909	0.00443124	0.00737185	-1	0.00540334	0.000650464	0.00505885	-1	-1	-1	0.0051026	-1	0.00558412	-1	-1	0.00385916	-1	0.00441909	-1	0.00737185	-1	0.00575767	-1	-1	-1	0.00540334	-1	0.0048448	0.00220235	-1	-1	-1	0.0049659	0.0042269	-1	-1	0.00434472	-1	0.00466515	0.000720011	0.00104451	0.00590551	0.00444643	0.00492126	-1	0.000328339	0.00603326	-1	0.0050861	0.000583945	-1	-1	0	0.00540334	-1	-1	-1	-1	0.002954	0.00443918	-1	-1	0.000582516	0.00528133	-1	-1	-1	0.00540334	0.001117	0.00223968	-1	0.00416739	-1	0.000401735	-1	-1	-1	0.010762	-1	-1	0.00540334	-1	0.00540334	0.000892746	0.00617825	0.00500149	-1	-1	-1	-1	-1	-1	-1	-1	-1	
-1	0.000984252	0.000850588	0.00328084	-1	0.0019685	0.00405852	0.000574147	-1	-1	-1	0.000574147	-1	0.000836949	-1	-1	0.000741586	-1	0.000984252	-1	0.00328084	-1	0.0010105	-1	-1	-1	0.000656168	-1	0.000560808	0.00551667	-1	-1	-1	0.00109361	0.000691112	-1	-1	0.000603675	-1	0.000574147	0.0037872	0.00688976	0.00115834	0.00079287	0.000549039	-1	0.00498256	0.00128609	-1	0.00069684	0.00474191	-1	-1	0.00540334	0	-1	-1	-1	-1	0.00115437	0.000816862	-1	-1	0.00480074	0.00077276	-1	-1	-1	0.000656168	0.00679353	0.0031168	-1	0.000972101	-1	0.00480074	-1	-1	-1	0.00470254	-1	-1	0.0019685	-1	0.000656168	0.00468915	0.00131234	0.00055716	-1	-1	-1	-1	-1	-1	-1	-1	-1	
-1	-1	-1	-1	-1	-1	-1	-1	-1	-1	-1	-1	-1	-1	-1	-1	-1	-1	-1	-1	-1	-1	-1	-1	-1	-1	-1	-1	-1	-1	-1	-1	-1	-1	-1	-1	-1	-1	-1	-1	-1	-1	-1	-1	-1	-1	-1	-1	-1	-1	-1	-1	-1	-1	-1	-1	-1	-1	-1	-1	-1	-1	-1	-1	-1	-1	-1	-1	-1	-1	-1	-1	-1	-1	-1	-1	-1	-1	-1	-1	-1	-1	-1	-1	-1	-1	-1	-1	-1	-1	-1	-1	-1	-1	-1	-1	
-1	-1	-1	-1	-1	-1	-1	-1	-1	-1	-1	-1	-1	-1	-1	-1	-1	-1	-1	-1	-1	-1	-1	-1	-1	-1	-1	-1	-1	-1	-1	-1	-1	-1	-1	-1	-1	-1	-1	-1	-1	-1	-1	-1	-1	-1	-1	-1	-1	-1	-1	-1	-1	-1	-1	-1	-1	-1	-1	-1	-1	-1	-1	-1	-1	-1	-1	-1	-1	-1	-1	-1	-1	-1	-1	-1	-1	-1	-1	-1	-1	-1	-1	-1	-1	-1	-1	-1	-1	-1	-1	-1	-1	-1	-1	-1	
-1	-1	-1	-1	-1	-1	-1	-1	-1	-1	-1	-1	-1	-1	-1	-1	-1	-1	-1	-1	-1	-1	-1	-1	-1	-1	-1	-1	-1	-1	-1	-1	-1	-1	-1	-1	-1	-1	-1	-1	-1	-1	-1	-1	-1	-1	-1	-1	-1	-1	-1	-1	-1	-1	-1	-1	-1	-1	-1	-1	-1	-1	-1	-1	-1	-1	-1	-1	-1	-1	-1	-1	-1	-1	-1	-1	-1	-1	-1	-1	-1	-1	-1	-1	-1	-1	-1	-1	-1	-1	-1	-1	-1	-1	-1	-1	
-1	-1	-1	-1	-1	-1	-1	-1	-1	-1	-1	-1	-1	-1	-1	-1	-1	-1	-1	-1	-1	-1	-1	-1	-1	-1	-1	-1	-1	-1	-1	-1	-1	-1	-1	-1	-1	-1	-1	-1	-1	-1	-1	-1	-1	-1	-1	-1	-1	-1	-1	-1	-1	-1	-1	-1	-1	-1	-1	-1	-1	-1	-1	-1	-1	-1	-1	-1	-1	-1	-1	-1	-1	-1	-1	-1	-1	-1	-1	-1	-1	-1	-1	-1	-1	-1	-1	-1	-1	-1	-1	-1	-1	-1	-1	-1	
-1	0.00162827	0.00164042	0.0023938	-1	0.00261252	0.00167687	0.00226803	-1	-1	-1	0.00231178	-1	0.0027933	-1	-1	0.00189035	-1	0.00162827	-1	0.0023938	-1	0.00296685	-1	-1	-1	0.00261252	-1	0.00205398	0.00419218	-1	-1	-1	0.00217508	0.00163798	-1	-1	0.00181637	-1	0.00187433	0.00176678	0.00359677	0.00311469	0.00165561	0.00213044	-1	0.00261593	0.00324244	-1	0.00229528	0.00276125	-1	-1	0.002954	0.00115437	-1	-1	-1	-1	0	0.00164836	-1	-1	0.00277321	0.00249051	-1	-1	-1	0.00261252	0.00363177	0.00212039	-1	0.000133664	-1	0.00263261	-1	-1	-1	0.00447166	-1	-1	0.00261252	-1	0.00261252	0.00298971	0.000848158	0.00221067	-1	-1	-1	-1	-1	-1	-1	-1	-1	
-1	2.00868e-05	9.91939e-07	0.00494135	-1	0.00100434	0.0035318	0.000434879	-1	-1	-1	0.000469249	-1	0.000903905	-1	-1	0.000649908	-1	2.00868e-05	-1	0.00494135	-1	0.00107745	-1	-1	-1	0.000723124	-1	0.000263839	0.00455251	-1	-1	-1	0.000473155	4.42147e-05	-1	-1	0.000189441	-1	0.000125542	0.00308295	0.0059256	0.00122529	5.57966e-07	0.000321388	-1	0.0040184	0.00135305	-1	0.000482581	0.00377774	-1	-1	0.00443918	0.000816862	-1	-1	-1	-1	0.00164836	0	-1	-1	0.00383657	0.000652239	-1	-1	-1	0.000723124	0.00582936	0.00241041	-1	0.00183062	-1	0.00383657	-1	-1	-1	0.00636304	-1	-1	0.00100434	-1	0.000723124	0.00372498	0.00275412	0.000386165	-1	-1	-1	-1	-1	-1	-1	-1	-1	
-1	-1	-1	-1	-1	-1	-1	-1	-1	-1	-1	-1	-1	-1	-1	-1	-1	-1	-1	-1	-1	-1	-1	-1	-1	-1	-1	-1	-1	-1	-1	-1	-1	-1	-1	-1	-1	-1	-1	-1	-1	-1	-1	-1	-1	-1	-1	-1	-1	-1	-1	-1	-1	-1	-1	-1	-1	-1	-1	-1	-1	-1	-1	-1	-1	-1	-1	-1	-1	-1	-1	-1	-1	-1	-1	-1	-1	-1	-1	-1	-1	-1	-1	-1	-1	-1	-1	-1	-1	-1	-1	-1	-1	-1	-1	-1	
-1	-1	-1	-1	-1	-1	-1	-1	-1	-1	-1	-1	-1	-1	-1	-1	-1	-1	-1	-1	-1	-1	-1	-1	-1	-1	-1	-1	-1	-1	-1	-1	-1	-1	-1	-1	-1	-1	-1	-1	-1	-1	-1	-1	-1	-1	-1	-1	-1	-1	-1	-1	-1	-1	-1	-1	-1	-1	-1	-1	-1	-1	-1	-1	-1	-1	-1	-1	-1	-1	-1	-1	-1	-1	-1	-1	-1	-1	-1	-1	-1	-1	-1	-1	-1	-1	-1	-1	-1	-1	-1	-1	-1	-1	-1	-1	
-1	0.00381649	0.00382864	0.00676924	-1	0.00480074	0.000727464	0.00445625	-1	-1	-1	0.0045	-1	0.00498152	-1	-1	0.00345124	-1	0.00381649	-1	0.00676924	-1	0.00515507	-1	-1	-1	0.00480074	-1	0.0042422	0.00117793	-1	-1	-1	0.00436329	0.0036243	-1	-1	0.00374212	-1	0.00406255	0.000922705	0.00170738	0.00530291	0.00384383	0.00431866	-1	0.000197184	0.00543066	-1	0.0044835	9.4631e-06	-1	-1	0.000582516	0.00480074	-1	-1	-1	-1	0.00277321	0.00383657	-1	-1	0	0.00467872	-1	-1	-1	0.00480074	0.00166738	0.00226981	-1	0.003846	-1	0.000100434	-1	-1	-1	0.0101594	-1	-1	0.00480074	-1	0.00480074	0.000189708	0.00554752	0.00439888	-1	-1	-1	-1	-1	-1	-1	-1	-1	
-1	0.000862237	0.000695434	0.0057835	-1	0.00184649	0.00437395	0.000213526	-1	-1	-1	0.000203584	-1	3.32013e-05	-1	-1	0.000367199	-1	0.000862237	-1	0.0057835	-1	0.000590226	-1	-1	-1	0.000235895	-1	0.000245803	0.00539466	-1	-1	-1	0.000872179	0.000477325	-1	-1	0.000322589	-1	0.000303003	0.00374382	0.00676775	9.89398e-05	0.000621145	0.000213982	-1	0.00486055	0.000865816	-1	0.00035791	0.00461989	-1	-1	0.00528133	0.00077276	-1	-1	-1	-1	0.00249051	0.000652239	-1	-1	0.00467872	0	-1	-1	-1	0.000235895	0.00667151	0.00292022	-1	0.00267277	-1	0.00467872	-1	-1	-1	0.00720519	-1	-1	0.00184649	-1	0.000235895	0.00456713	0.00359627	0.000205716	-1	-1	-1	-1	-1	-1	-1	-1	-1	
-1	-1	-1	-1	-1	-1	-1	-1	-1	-1	-1	-1	-1	-1	-1	-1	-1	-1	-1	-1	-1	-1	-1	-1	-1	-1	-1	-1	-1	-1	-1	-1	-1	-1	-1	-1	-1	-1	-1	-1	-1	-1	-1	-1	-1	-1	-1	-1	-1	-1	-1	-1	-1	-1	-1	-1	-1	-1	-1	-1	-1	-1	-1	-1	-1	-1	-1	-1	-1	-1	-1	-1	-1	-1	-1	-1	-1	-1	-1	-1	-1	-1	-1	-1	-1	-1	-1	-1	-1	-1	-1	-1	-1	-1	-1	-1	
-1	-1	-1	-1	-1	-1	-1	-1	-1	-1	-1	-1	-1	-1	-1	-1	-1	-1	-1	-1	-1	-1	-1	-1	-1	-1	-1	-1	-1	-1	-1	-1	-1	-1	-1	-1	-1	-1	-1	-1	-1	-1	-1	-1	-1	-1	-1	-1	-1	-1	-1	-1	-1	-1	-1	-1	-1	-1	-1	-1	-1	-1	-1	-1	-1	-1	-1	-1	-1	-1	-1	-1	-1	-1	-1	-1	-1	-1	-1	-1	-1	-1	-1	-1	-1	-1	-1	-1	-1	-1	-1	-1	-1	-1	-1	-1	
-1	-1	-1	-1	-1	-1	-1	-1	-1	-1	-1	-1	-1	-1	-1	-1	-1	-1	-1	-1	-1	-1	-1	-1	-1	-1	-1	-1	-1	-1	-1	-1	-1	-1	-1	-1	-1	-1	-1	-1	-1	-1	-1	-1	-1	-1	-1	-1	-1	-1	-1	-1	-1	-1	-1	-1	-1	-1	-1	-1	-1	-1	-1	-1	-1	-1	-1	-1	-1	-1	-1	-1	-1	-1	-1	-1	-1	-1	-1	-1	-1	-1	-1	-1	-1	-1	-1	-1	-1	-1	-1	-1	-1	-1	-1	-1	
-1	0.000984252	0.000777681	0.00590551	-1	0.0019685	0.00449597	4.92126e-05	-1	-1	-1	2.73403e-05	-1	0.000180781	-1	-1	0.000186367	-1	0.000984252	-1	0.00590551	-1	0.000354331	-1	-1	-1	0	-1	0.000136229	0.00551667	-1	-1	-1	0.000874891	0.000489214	-1	-1	0.000253718	-1	0.000246063	0.00381703	0.00688976	0.000502169	0.000683508	8.03471e-05	-1	0.00498256	0.000629921	-1	0.000219626	0.00474191	-1	-1	0.00540334	0.000656168	-1	-1	-1	-1	0.00261252	0.000723124	-1	-1	0.00480074	0.000235895	-1	-1	-1	0	0.00679353	0.00295276	-1	0.00279479	-1	0.00480074	-1	-1	-1	0.00732721	-1	-1	0.0019685	-1	0	0.00468915	0.00371829	5.24158e-05	-1	-1	-1	-1	-1	-1	-1	-1	-1	
-1	0.00580927	0.00582143	0.00876203	-1	0.00679353	0.000892875	0.00644904	-1	-1	-1	0.00649278	-1	0.00697431	-1	-1	0.00492054	-1	0.00580927	-1	0.00876203	-1	0.00714786	-1	-1	-1	0.00679353	-1	0.00623499	0.00430495	-1	-1	-1	0.00635608	0.00561708	-1	-1	0.00573491	-1	0.00605534	0.000750137	0.000297463	0.0072957	0.00583661	0.00631144	-1	0.000922298	0.00742345	-1	0.00647629	0.00173666	-1	-1	0.001117	0.00679353	-1	-1	-1	-1	0.00363177	0.00582936	-1	-1	0.00166738	0.00667151	-1	-1	-1	0.00679353	0	0.00203631	-1	0.00508263	-1	0.00128305	-1	-1	-1	0.0121522	-1	-1	0.00679353	-1	0.00679353	0.00245255	0.00761592	0.00639167	-1	-1	-1	-1	-1	-1	-1	-1	-1	
-1	0.00246063	0.0024181	0.00639764	-1	0.00344488	0.00165257	0.00270669	-1	-1	-1	0.00273403	-1	0.00313354	-1	-1	0.00200345	-1	0.00246063	-1	0.00639764	-1	0.00330709	-1	-1	-1	0.00295276	-1	0.00256791	0.00404029	-1	-1	-1	0.00284339	0.00226844	-1	-1	0.00232065	-1	0.00246063	0.00128929	0.00246063	0.00345493	0.00240595	0.00261128	-1	0.00194296	0.00358268	-1	0.00276973	0.00228128	-1	-1	0.00223968	0.0031168	-1	-1	-1	-1	0.00212039	0.00241041	-1	-1	0.00226981	0.00292022	-1	-1	-1	0.00295276	0.00203631	0	-1	0.00295883	-1	0.00205889	-1	-1	-1	0.00880359	-1	-1	0.00344488	-1	0.00295276	0.00265034	0.00473535	0.00266447	-1	-1	-1	-1	-1	-1	-1	-1	-1	
-1	-1	-1	-1	-1	-1	-1	-1	-1	-1	-1	-1	-1	-1	-1	-1	-1	-1	-1	-1	-1	-1	-1	-1	-1	-1	-1	-1	-1	-1	-1	-1	-1	-1	-1	-1	-1	-1	-1	-1	-1	-1	-1	-1	-1	-1	-1	-1	-1	-1	-1	-1	-1	-1	-1	-1	-1	-1	-1	-1	-1	-1	-1	-1	-1	-1	-1	-1	-1	-1	-1	-1	-1	-1	-1	-1	-1	-1	-1	-1	-1	-1	-1	-1	-1	-1	-1	-1	-1	-1	-1	-1	-1	-1	-1	-1	
-1	0.00181054	0.00182269	0.0019199	-1	0.00279479	0.00267328	0.0024503	-1	-1	-1	0.00249405	-1	0.00297557	-1	-1	0.00227451	-1	0.00181054	-1	0.0019199	-1	0.00314912	-1	-1	-1	0.00279479	-1	0.00223625	0.00503062	-1	-1	-1	0.00235734	0.00185389	-1	-1	0.00204238	-1	0.0020566	0.00284382	0.00509138	0.00329696	0.00183788	0.00231271	-1	0.00380175	0.00342471	-1	0.00247755	0.00381841	-1	-1	0.00416739	0.000972101	-1	-1	-1	-1	0.000133664	0.00183062	-1	-1	0.003846	0.00267277	-1	-1	-1	0.00279479	0.00508263	0.00295883	-1	0	-1	0.00375226	-1	-1	-1	0.00377904	-1	-1	0.00279479	-1	0.00279479	0.00395313	0.000330514	0.00239294	-1	-1	-1	-1	-1	-1	-1	-1	-1	
-1	-1	-1	-1	-1	-1	-1	-1	-1	-1	-1	-1	-1	-1	-1	-1	-1	-1	-1	-1	-1	-1	-1	-1	-1	-1	-1	-1	-1	-1	-1	-1	-1	-1	-1	-1	-1	-1	-1	-1	-1	-1	-1	-1	-1	-1	-1	-1	-1	-1	-1	-1	-1	-1	-1	-1	-1	-1	-1	-1	-1	-1	-1	-1	-1	-1	-1	-1	-1	-1	-1	-1	-1	-1	-1	-1	-1	-1	-1	-1	-1	-1	-1	-1	-1	-1	-1	-1	-1	-1	-1	-1	-1	-1	-1	-1	
-1	0.00381649	0.00382864	0.00676924	-1	0.00480074	0.000500929	0.00445625	-1	-1	-1	0.0045	-1	0.00498152	-1	-1	0.00338634	-1	0.00381649	-1	0.00676924	-1	0.00515507	-1	-1	-1	0.00480074	-1	0.0042422	0.00131854	-1	-1	-1	0.00436329	0.0036243	-1	-1	0.00374212	-1	0.00406255	0.000654273	0.00128555	0.00530291	0.00384383	0.00431866	-1	4.00345e-05	0.00543066	-1	0.0044835	7.50799e-05	-1	-1	0.000401735	0.00480074	-1	-1	-1	-1	0.00263261	0.00383657	-1	-1	0.000100434	0.00467872	-1	-1	-1	0.00480074	0.00128305	0.00205889	-1	0.00375226	-1	0	-1	-1	-1	0.0101594	-1	-1	0.00480074	-1	0.00480074	0.000223186	0.00555689	0.00439888	-1	-1	-1	-1	-1	-1	-1	-1	-1	
-1	-1	-1	-1	-1	-1	-1	-1	-1	-1	-1	-1	-1	-1	-1	-1	-1	-1	-1	-1	-1	-1	-1	-1	-1	-1	-1	-1	-1	-1	-1	-1	-1	-1	-1	-1	-1	-1	-1	-1	-1	-1	-1	-1	-1	-1	-1	-1	-1	-1	-1	-1	-1	-1	-1	-1	-1	-1	-1	-1	-1	-1	-1	-1	-1	-1	-1	-1	-1	-1	-1	-1	-1	-1	-1	-1	-1	-1	-1	-1	-1	-1	-1	-1	-1	-1	-1	-1	-1	-1	-1	-1	-1	-1	-1	-1	
-1	-1	-1	-1	-1	-1	-1	-1	-1	-1	-1	-1	-1	-1	-1	-1	-1	-1	-1	-1	-1	-1	-1	-1	-1	-1	-1	-1	-1	-1	-1	-1	-1	-1	-1	-1	-1	-1	-1	-1	-1	-1	-1	-1	-1	-1	-1	-1	-1	-1	-1	-1	-1	-1	-1	-1	-1	-1	-1	-1	-1	-1	-1	-1	-1	-1	-1	-1	-1	-1	-1	-1	-1	-1	-1	-1	-1	-1	-1	-1	-1	-1	-1	-1	-1	-1	-1	-1	-1	-1	-1	-1	-1	-1	-1	-1	
-1	-1	-1	-1	-1	-1	-1	-1	-1	-1	-1	-1	-1	-1	-1	-1	-1	-1	-1	-1	-1	-1	-1	-1	-1	-1	-1	-1	-1	-1	-1	-1	-1	-1	-1	-1	-1	-1	-1	-1	-1	-1	-1	-1	-1	-1	-1	-1	-1	-1	-1	-1	-1	-1	-1	-1	-1	-1	-1	-1	-1	-1	-1	-1	-1	-1	-1	-1	-1	-1	-1	-1	-1	-1	-1	-1	-1	-1	-1	-1	-1	-1	-1	-1	-1	-1	-1	-1	-1	-1	-1	-1	-1	-1	-1	-1	
-1	0.00634296	0.00635511	0.0033902	-1	0.00732721	0.00854233	0.00698272	-1	-1	-1	0.00702647	-1	0.00750799	-1	-1	0.00721073	-1	0.00634296	-1	0.0033902	-1	0.00768154	-1	-1	-1	0.00732721	-1	0.00676867	0.0108754	-1	-1	-1	0.00688976	0.00645361	-1	-1	0.00666229	-1	0.00658902	0.00899678	0.0122485	0.00782938	0.0063703	0.00684513	-1	0.0103413	0.00795713	-1	0.00700997	0.0101006	-1	-1	0.010762	0.00470254	-1	-1	-1	-1	0.00447166	0.00636304	-1	-1	0.0101594	0.00720519	-1	-1	-1	0.00732721	0.0121522	0.00880359	-1	0.00377904	-1	0.0101594	-1	-1	-1	0	-1	-1	0.00732721	-1	0.00732721	0.0100479	0.00330271	0.00692535	-1	-1	-1	-1	-1	-1	-1	-1	-1	
-1	-1	-1	-1	-1	-1	-1	-1	-1	-1	-1	-1	-1	-1	-1	-1	-1	-1	-1	-1	-1	-1	-1	-1	-1	-1	-1	-1	-1	-1	-1	-1	-1	-1	-1	-1	-1	-1	-1	-1	-1	-1	-1	-1	-1	-1	-1	-1	-1	-1	-1	-1	-1	-1	-1	-1	-1	-1	-1	-1	-1	-1	-1	-1	-1	-1	-1	-1	-1	-1	-1	-1	-1	-1	-1	-1	-1	-1	-1	-1	-1	-1	-1	-1	-1	-1	-1	-1	-1	-1	-1	-1	-1	-1	-1	-1	
-1	-1	-1	-1	-1	-1	-1	-1	-1	-1	-1	-1	-1	-1	-1	-1	-1	-1	-1	-1	-1	-1	-1	-1	-1	-1	-1	-1	-1	-1	-1	-1	-1	-1	-1	-1	-1	-1	-1	-1	-1	-1	-1	-1	-1	-1	-1	-1	-1	-1	-1	-1	-1	-1	-1	-1	-1	-1	-1	-1	-1	-1	-1	-1	-1	-1	-1	-1	-1	-1	-1	-1	-1	-1	-1	-1	-1	-1	-1	-1	-1	-1	-1	-1	-1	-1	-1	-1	-1	-1	-1	-1	-1	-1	-1	-1	
-1	0.000984252	0.000996403	0.00590551	-1	0	0.00449597	0.00162402	-1	-1	-1	0.00166776	-1	0.00214928	-1	-1	0.00185202	-1	0.000984252	-1	0.00590551	-1	0.00232283	-1	-1	-1	0.0019685	-1	0.00140997	0.00551667	-1	-1	-1	0.00153106	0.00109491	-1	-1	0.00130359	-1	0.00123031	0.00408546	0.00688976	0.00247067	0.00101159	0.00148642	-1	0.00498256	0.00259843	-1	0.00165127	0.00474191	-1	-1	0.00540334	0.0019685	-1	-1	-1	-1	0.00261252	0.00100434	-1	-1	0.00480074	0.00184649	-1	-1	-1	0.0019685	0.00679353	0.00344488	-1	0.00279479	-1	0.00480074	-1	-1	-1	0.00732721	-1	-1	0	-1	0.0019685	0.00468915	0.00371829	0.00156665	-1	-1	-1	-1	-1	-1	-1	-1	-1	
-1	-1	-1	-1	-1	-1	-1	-1	-1	-1	-1	-1	-1	-1	-1	-1	-1	-1	-1	-1	-1	-1	-1	-1	-1	-1	-1	-1	-1	-1	-1	-1	-1	-1	-1	-1	-1	-1	-1	-1	-1	-1	-1	-1	-1	-1	-1	-1	-1	-1	-1	-1	-1	-1	-1	-1	-1	-1	-1	-1	-1	-1	-1	-1	-1	-1	-1	-1	-1	-1	-1	-1	-1	-1	-1	-1	-1	-1	-1	-1	-1	-1	-1	-1	-1	-1	-1	-1	-1	-1	-1	-1	-1	-1	-1	-1	
-1	0.000984252	0.000777681	0.00590551	-1	0.0019685	0.00449597	4.92126e-05	-1	-1	-1	2.73403e-05	-1	0.000180781	-1	-1	0.000186367	-1	0.000984252	-1	0.00590551	-1	0.000354331	-1	-1	-1	0	-1	0.000136229	0.00551667	-1	-1	-1	0.000874891	0.000489214	-1	-1	0.000253718	-1	0.000246063	0.00381703	0.00688976	0.000502169	0.000683508	8.03471e-05	-1	0.00498256	0.000629921	-1	0.000219626	0.00474191	-1	-1	0.00540334	0.000656168	-1	-1	-1	-1	0.00261252	0.000723124	-1	-1	0.00480074	0.000235895	-1	-1	-1	0	0.00679353	0.00295276	-1	0.00279479	-1	0.00480074	-1	-1	-1	0.00732721	-1	-1	0.0019685	-1	0	0.00468915	0.00371829	5.24158e-05	-1	-1	-1	-1	-1	-1	-1	-1	-1	
-1	0.00370489	0.00371705	0.00665765	-1	0.00468915	0.00114445	0.00434466	-1	-1	-1	0.0043884	-1	0.00486993	-1	-1	0.00349107	-1	0.00370489	-1	0.00665765	-1	0.00504348	-1	-1	-1	0.00468915	-1	0.00413061	0.000738251	-1	-1	-1	0.0042517	0.0035127	-1	-1	0.00363053	-1	0.00395096	0.00143745	0.00258003	0.00519132	0.00373223	0.00420706	-1	0.000452273	0.00531907	-1	0.00437191	0.000119717	-1	-1	0.000892746	0.00468915	-1	-1	-1	-1	0.00298971	0.00372498	-1	-1	0.000189708	0.00456713	-1	-1	-1	0.00468915	0.00245255	0.00265034	-1	0.00395313	-1	0.000223186	-1	-1	-1	0.0100479	-1	-1	0.00468915	-1	0.00468915	0	0.00541406	0.00428729	-1	-1	-1	-1	-1	-1	-1	-1	-1	
